0
2
3
4
8
10
13
15
16
18
19
21
23
27
33
38
43
46
49
50
52
53
61
66
68
70
72
73
74
75
76
81
82
83
84
87
92
93
98
100
101
102
110
112
113
114
116
117
118
119
123
124
127
131
136
137
138
142
150
154
155
161
162
164
165
167
168
173
174
180
185
186
189
191
194
197
199
204
206
207
210
214
216
218
219
220
221
222
223
224
225
226
228
230
236
237
240
241
245
247
248
251
253
255
257
260
268
269
272
276
281
285
287
293
303
306
307
334
339
398
411
426
434
435
447
477
483
484
496
502
510
525
526
527
534
538
561
576
597
640
742
747
759
783
809
817
862
883
897
898
904
907
919
921
927
929
932
941
956
957
965
973
986
3077
