0
22
28
30
31
40
51
54
57
67
69
79
86
88
105
106
152
178
179
183
201
217
250
261
262
265
271
274
275
277
284
290
294
296
325
328
337
353
354
355
363
371
372
388
389
409
415
417
421
428
438
440
443
444
446
459
468
470
480
482
487
494
501
504
505
515
516
521
545
570
571
572
590
595
606
613
614
617
629
641
644
653
657
659
666
671
678
683
684
689
695
696
697
712
730
743
744
745
746
751
767
770
777
778
797
800
802
803
812
820
826
845
846
853
860
866
874
885
903
914
915
933
954
977
978
984
985
996
997
998
1002
1003
1043
1080
1098
1147
1165
1233
1311
1371
1403
1457
1467
1496
1505
1524
1630
1653
1727
1732
1743
1796
1844
1911
1914
1973
1999
2017
2042
2043
2104
2442
2920
