0 513
0 781
0 782
0 913
0 879
0 668
0 414
0 543
0 432
0 688
0 689
0 55
0 952
0 445
0 959
0 65
0 583
0 842
0 589
0 80
0 722
0 473
0 99
0 358
0 111
0 380
1 152
1 730
1 1930
2 960
3 632
4 586
5 97
5 36
5 914
5 947
5 601
5 63
6 64
6 680
6 20
6 661
7 1002
7 389
7 614
7 999
8 866
8 1979
9 259
9 968
9 201
9 557
9 818
9 157
10 389
10 439
11 386
11 943
12 1737
12 507
12 775
13 249
14 866
14 1626
14 542
15 389
16 144
17 599
17 661
17 830
17 487
18 59
18 845
19 494
20 661
21 1674
21 678
22 897
22 389
22 454
22 334
22 302
22 468
22 117
22 697
22 666
22 597
23 308
23 702
24 391
24 683
24 945
24 405
24 950
24 126
25 356
25 69
25 295
25 681
25 460
25 653
25 886
26 262
26 86
26 1630
27 392
28 521
28 997
28 712
28 105
28 106
28 389
28 48
28 274
28 54
28 631
28 152
28 985
28 746
28 421
29 816
29 857
29 738
29 790
29 791
30 1984
30 2057
30 1646
30 1200
30 1236
30 470
30 1783
30 504
30 2141
30 1279
31 2640
31 644
31 2193
31 296
31 777
31 1354
31 2987
31 1486
31 2781
31 880
31 1736
31 470
31 2745
31 2074
31 730
31 1279
32 695
32 843
32 684
32 685
32 590
32 663
33 259
34 571
34 365
34 1583
34 179
34 695
34 697
34 826
34 827
35 641
35 499
35 92
35 812
36 97
36 328
36 273
36 914
36 659
37 2446
37 79
37 1264
37 181
37 1720
37 826
37 443
37 309
38 641
39 1008
39 487
40 619
40 845
40 623
40 176
40 145
40 658
40 147
40 410
40 847
40 479
41 2744
41 417
42 642
42 486
42 487
43 845
44 866
44 676
44 630
45 731
45 749
46 845
47 776
47 212
48 746
48 106
48 421
49 845
50 761
51 480
51 481
51 354
51 355
51 389
51 614
51 745
51 363
51 482
51 1003
51 515
51 595
51 437
51 438
51 317
51 469
52 610
53 160
53 308
54 67
54 996
54 997
54 712
54 421
54 746
54 183
54 274
54 521
54 697
54 954
54 389
55 969
55 970
55 3232
55 2188
56 504
56 1489
56 1818
56 171
56 3244
57 1632
57 1250
57 1124
57 1765
57 156
57 1678
57 1974
57 1604
57 1532
58 389
58 552
58 301
58 179
58 438
58 695
58 413
59 602
59 845
60 584
60 442
61 984
61 942
62 800
62 2570
63 97
63 328
63 273
63 914
63 659
63 947
64 641
64 238
64 209
64 567
64 91
65 265
65 874
65 151
65 217
65 990
66 330
67 290
67 996
67 997
67 614
67 712
67 105
67 746
67 175
67 998
68 300
69 354
69 355
69 295
69 264
69 275
69 460
69 515
69 337
69 371
69 504
70 657
70 748
70 629
71 937
71 189
72 672
73 892
74 989
75 494
76 672
77 914
77 811
77 733
78 504
78 730
78 532
79 103
79 2442
79 459
79 3117
79 277
79 1720
79 1017
79 826
79 2651
80 268
80 1541
81 845
82 656
82 389
83 273
83 641
84 984
84 741
85 389
85 617
85 365
85 695
85 696
85 697
86 261
86 583
86 1004
86 459
86 460
86 271
86 624
86 537
86 795
86 767
87 595
88 1991
88 1992
88 265
88 778
88 903
88 2065
88 777
88 153
88 151
88 1278
89 544
89 786
89 546
90 473
90 1627
90 860
91 680
91 793
93 761
93 446
93 798
94 389
94 284
94 372
94 373
94 438
94 443
94 444
95 696
95 2889
95 572
95 569
96 995
96 911
97 328
97 947
97 659
98 697
98 389
99 721
99 950
99 929
100 678
101 540
102 266
103 363
103 271
103 389
104 128
104 130
104 139
104 133
105 996
105 421
105 712
105 521
105 746
105 175
105 274
105 179
105 697
105 997
106 290
106 996
106 997
106 552
106 389
106 521
106 746
106 697
106 712
106 274
106 183
106 441
106 421
107 264
107 337
107 275
107 501
107 371
108 836
108 1491
108 172
108 2117
108 382
109 322
109 846
110 582
112 915
113 381
114 328
115 669
115 567
116 409
118 808
118 380
119 632
120 864
120 641
120 812
120 814
121 296
121 1002
121 2716
121 262
121 470
122 545
122 666
122 667
122 309
123 879
124 820
125 242
125 615
126 296
126 470
127 636
128 587
129 2348
129 181
129 1494
130 587
131 562
132 322
132 1095
133 689
133 587
134 608
134 369
134 714
134 318
134 713
135 641
135 812
135 807
136 329
136 415
137 485
137 845
138 729
138 494
139 587
140 1000
140 417
140 143
141 471
141 495
141 415
142 702
143 452
143 1000
143 145
143 820
143 280
143 415
144 540
144 820
144 496
144 471
145 417
145 229
145 905
145 820
145 415
146 925
146 389
146 455
147 229
148 1697
148 324
148 325
148 1505
148 915
148 149
148 635
149 1697
149 325
149 1505
149 915
149 635
150 596
150 389
151 290
151 265
151 564
151 571
152 290
152 421
152 712
152 521
152 746
152 274
152 697
152 389
153 482
153 290
153 459
153 389
154 697
154 389
155 697
155 389
156 639
156 289
157 968
157 581
157 566
158 545
158 290
158 284
158 503
159 594
159 852
159 978
159 751
160 308
161 780
162 289
163 352
163 950
164 861
165 729
165 654
166 290
166 389
166 363
166 461
166 637
166 438
166 797
166 606
167 606
168 292
169 519
169 844
169 493
169 305
169 347
169 286
170 505
170 815
171 504
171 1165
171 1927
172 836
172 513
172 383
173 409
173 508
174 478
175 996
175 389
175 985
175 828
176 229
177 235
177 227
177 231
178 1984
178 644
178 296
178 777
178 266
178 1646
178 1072
178 437
178 470
178 1914
178 571
178 1279
179 389
179 840
179 715
179 302
179 686
179 696
179 985
179 570
180 845
181 389
181 522
181 277
182 184
182 603
182 3074
182 451
182 2198
183 3205
183 421
183 998
183 712
183 584
183 692
183 695
183 537
183 1757
183 1246
183 997
184 2824
184 3220
184 2618
184 603
184 3002
185 964
185 845
186 845
187 529
187 812
187 789
188 482
188 390
190 408
190 659
190 845
191 605
192 756
192 757
192 758
193 264
193 371
193 444
193 421
193 3079
194 751
195 971
195 388
196 896
196 645
197 415
198 2824
198 604
199 580
199 389
200 1491
200 836
200 2117
200 382
201 384
201 385
201 386
201 931
201 582
201 652
201 930
201 845
201 254
202 273
202 659
202 238
203 648
203 943
204 668
205 1624
205 506
206 498
207 657
207 494
208 346
208 639
209 680
209 278
210 657
211 961
211 389
211 438
212 292
212 870
212 395
212 396
212 446
213 858
213 652
214 670
215 290
215 682
216 722
216 613
216 589
217 3255
217 1486
217 2096
217 2385
217 723
217 2615
217 1720
217 730
217 1244
218 389
218 679
219 617
220 389
221 922
222 706
223 695
224 651
225 984
225 629
226 751
227 304
227 294
228 623
229 619
229 623
229 410
229 479
230 389
230 679
231 304
231 294
232 291
232 419
232 389
233 569
233 363
233 389
234 737
234 1564
234 1065
234 590
234 1223
235 304
235 294
236 977
237 606
238 641
238 680
238 497
238 702
239 385
239 930
239 582
239 616
239 652
239 792
240 409
240 629
240 657
241 977
241 820
241 845
242 615
243 545
243 482
243 389
243 363
243 438
243 924
244 720
244 1007
245 808
245 2538
246 1001
246 931
246 804
247 389
247 679
248 387
249 689
250 516
250 743
250 363
250 301
250 372
250 437
250 697
250 666
250 667
250 1949
251 289
252 545
252 482
252 389
252 363
252 438
252 924
253 389
254 652
255 446
256 554
256 571
257 942
258 545
258 482
258 389
258 363
258 438
258 924
259 289
260 522
261 539
261 470
261 778
261 271
261 372
261 885
261 795
261 671
262 683
262 838
262 423
262 424
262 425
262 794
262 459
262 564
262 310
262 343
262 282
262 766
262 767
263 721
263 813
264 653
264 500
264 501
264 886
264 565
265 903
265 296
265 3145
265 683
265 2073
265 730
266 778
267 666
267 559
268 876
269 866
270 641
270 642
270 486
270 487
270 610
270 688
271 515
271 284
271 778
271 309
271 470
271 825
271 885
272 432
272 431
273 914
273 733
274 998
274 695
274 468
274 617
274 985
274 954
274 1246
275 578
275 899
275 900
275 553
275 653
275 462
275 579
275 886
275 470
275 825
276 949
277 2446
277 1264
277 1172
277 1720
277 826
277 443
277 309
278 357
278 2280
278 2964
278 2965
278 2933
279 323
279 915
279 349
280 417
280 418
280 582
280 820
280 859
281 629
282 310
283 730
283 428
283 1509
284 2464
284 355
284 470
284 695
284 444
284 894
285 542
285 543
286 336
286 690
286 844
286 673
287 915
287 613
288 730
289 781
289 782
290 515
290 3086
290 924
290 925
290 671
290 681
290 1710
290 692
290 444
290 706
290 588
290 461
290 335
290 469
290 481
290 355
290 744
290 316
290 500
290 638
292 649
292 395
292 396
292 776
293 586
294 769
294 880
294 632
294 533
294 600
294 474
294 730
295 653
295 446
295 1005
296 800
296 539
296 1229
296 2974
296 503
296 795
297 1008
297 762
298 467
298 646
299 417
300 2234
301 802
301 744
301 363
301 909
301 437
301 438
302 696
302 389
302 839
303 632
304 1508
304 1706
304 428
305 613
306 845
307 866
307 1979
309 516
309 697
309 572
310 2097
310 2510
310 2511
311 314
312 848
312 641
312 314
312 659
313 641
313 314
313 659
315 409
315 620
316 389
317 480
317 595
317 389
318 786
319 728
319 735
319 734
319 1007
320 823
321 683
322 512
322 513
322 511
323 1505
323 635
323 1697
323 325
324 1697
324 325
324 1505
324 915
324 635
325 1505
325 1697
325 589
325 915
325 635
325 349
326 635
326 1505
326 915
326 1697
327 946
327 659
327 615
328 946
328 819
328 659
328 914
329 657
331 2329
331 595
331 797
331 438
332 720
333 754
333 388
335 596
335 389
336 673
337 578
337 899
337 900
337 553
337 653
337 462
337 579
337 886
337 470
337 825
338 3113
338 811
338 1852
338 2769
339 508
340 866
340 3211
340 1556
340 1383
341 769
342 867
342 1799
343 2549
344 855
345 476
346 717
347 980
347 628
347 846
347 641
348 617
348 572
348 573
348 1174
349 514
349 613
349 627
349 983
350 353
350 2558
350 415
351 352
351 353
351 2562
352 353
352 420
353 2564
353 2565
353 2248
353 2741
353 2559
353 2391
353 2558
353 1951
354 482
354 355
354 745
354 1002
354 363
354 770
354 974
354 975
354 438
354 389
355 771
355 743
355 745
355 389
356 886
357 358
359 360
359 418
359 820
361 969
362 763
362 389
363 515
363 516
363 775
363 522
363 908
363 909
363 482
363 916
363 671
363 802
363 548
363 438
363 695
363 699
363 704
363 524
363 461
363 469
363 480
363 481
363 744
363 743
363 364
363 381
364 1002
364 2428
364 797
364 438
365 697
365 698
366 487
367 487
368 649
368 476
369 1334
370 893
371 653
371 1005
371 500
371 501
371 886
372 2445
372 373
372 443
372 444
372 2973
372 2974
373 444
373 761
373 443
374 514
374 628
375 671
376 999
376 2357
376 671
377 945
377 1629
377 2326
377 2573
378 952
378 676
379 535
380 711
380 682
380 603
380 604
381 389
381 438
381 390
382 513
382 836
382 383
383 836
383 513
384 385
385 930
385 582
386 648
386 433
386 647
387 577
387 674
388 577
388 582
388 934
388 971
388 466
388 754
388 634
389 515
389 516
389 524
389 770
389 548
389 555
389 571
389 522
389 574
389 595
389 606
389 617
389 656
389 671
389 692
389 695
389 696
389 698
389 699
389 700
389 704
389 706
389 709
389 725
389 742
389 771
389 797
389 800
389 802
389 810
389 878
389 744
389 894
389 897
389 390
389 904
389 908
389 666
389 927
389 667
389 413
389 443
389 444
389 449
389 454
389 455
389 461
389 469
389 480
389 481
389 482
389 678
389 998
389 503
389 506
390 797
391 912
391 590
392 938
393 936
393 505
393 938
393 845
394 396
395 776
395 396
395 721
396 776
396 650
397 818
398 949
399 400
399 401
399 914
399 691
399 404
400 3137
400 401
400 403
400 404
400 691
401 3139
402 403
402 404
402 629
403 3137
403 691
403 404
403 1340
403 1853
404 2126
404 691
405 787
406 810
407 515
408 845
409 620
409 973
409 568
409 410
410 629
411 820
412 2448
412 2837
412 606
413 438
414 951
415 417
415 452
415 877
415 1001
415 498
416 808
416 820
416 452
417 452
417 1000
417 820
420 1147
420 1642
420 1259
420 1683
421 1893
421 552
421 631
421 584
421 712
421 468
421 985
422 950
423 425
424 425
426 761
427 889
427 671
428 1508
428 1706
428 1169
428 1717
428 599
428 730
428 1405
428 1406
429 730
430 866
430 923
431 432
431 1417
431 913
431 853
431 703
432 913
433 505
434 845
435 845
436 515
436 437
436 709
437 743
437 438
438 515
438 516
438 524
438 916
438 666
438 667
438 802
438 695
438 443
438 444
438 482
438 595
438 869
438 480
438 481
438 678
438 700
438 753
438 745
440 2736
440 643
440 772
440 2160
440 1527
440 878
440 2640
440 1233
440 1475
440 1719
440 1796
440 2429
442 584
443 444
445 3226
445 907
446 965
446 742
446 776
446 533
446 919
446 798
447 808
448 449
449 450
449 708
449 558
449 894
450 771
451 603
453 815
454 1006
455 696
455 925
456 457
458 571
458 695
459 3111
459 2348
459 3114
459 683
459 1004
459 537
460 886
461 554
461 826
461 607
463 737
463 2716
464 465
466 765
468 552
468 521
468 631
468 584
468 695
470 778
470 1166
470 539
470 2974
470 800
470 2211
470 554
470 1196
470 1072
470 564
470 695
470 795
470 1354
470 1229
470 730
470 2781
470 1380
470 503
470 509
471 820
472 820
472 765
473 1961
473 860
474 556
474 475
474 740
476 949
476 751
477 866
480 481
480 482
480 1003
480 614
480 745
480 1002
480 696
481 695
482 704
482 515
482 924
482 524
482 700
482 595
482 916
482 706
483 845
484 485
486 948
486 487
487 832
487 962
487 488
487 1008
487 948
487 788
487 567
487 953
487 831
489 803
490 633
491 568
491 492
491 629
492 905
492 977
493 765
493 1001
494 741
494 977
494 657
494 629
494 984
494 665
494 933
495 594
498 689
499 890
500 1002
500 1005
500 501
501 1002
501 1005
501 753
501 662
501 507
502 632
503 745
503 509
504 560
504 532
504 730
505 936
505 845
505 841
505 719
505 937
506 539
507 653
508 846
508 845
509 564
510 689
513 866
514 627
514 846
514 983
515 803
515 743
515 745
515 1002
515 974
515 697
515 770
515 975
516 524
516 869
516 671
517 950
518 689
518 812
518 845
519 845
520 699
520 614
521 997
521 614
521 695
521 1457
521 985
521 1461
521 617
521 998
521 954
521 1371
521 1246
523 969
524 588
525 845
526 845
527 845
528 2949
528 877
529 808
529 530
531 730
531 532
532 730
532 860
534 562
535 653
536 767
536 671
538 782
540 789
540 845
541 849
542 543
544 546
544 786
545 588
545 695
545 571
545 570
546 984
547 644
547 614
547 696
547 570
547 572
547 573
549 677
549 678
550 635
550 950
551 2761
551 2699
551 2153
551 1944
551 1914
551 671
552 998
552 1638
552 828
553 900
553 899
554 2861
554 2255
554 827
555 895
557 751
559 667
559 653
561 702
562 973
562 773
563 850
564 768
564 769
564 800
565 1646
567 864
567 610
567 680
567 598
568 657
569 696
569 695
569 614
570 614
570 839
570 695
570 696
570 571
570 572
571 687
571 827
572 614
572 695
572 696
573 696
573 697
573 614
574 871
575 1851
575 3162
575 963
576 606
577 786
577 751
578 579
581 610
581 845
585 806
586 737
586 950
589 976
589 722
589 1015
590 737
590 683
590 613
590 1065
590 1223
590 1564
591 593
591 845
592 593
592 845
593 914
593 845
595 606
596 597
598 669
599 832
601 659
602 848
602 844
603 991
605 847
606 704
606 771
606 637
606 894
607 1017
607 826
607 3117
608 713
608 1702
609 642
609 611
609 948
610 962
610 963
610 953
611 953
612 2349
612 694
613 1505
613 3170
613 3158
614 996
614 998
614 666
614 746
614 712
614 1710
614 692
614 3189
614 2011
614 997
615 659
615 914
617 1002
617 918
617 696
617 697
617 698
618 619
618 629
618 621
619 622
619 621
620 980
621 622
621 623
622 623
624 2264
624 2812
625 821
626 1240
626 1458
626 751
627 628
627 983
629 993
629 1001
629 748
629 978
629 1007
629 977
629 986
630 866
631 954
632 747
632 817
633 868
633 959
636 3005
637 638
637 797
638 797
639 641
639 717
640 984
641 659
641 661
641 921
641 805
641 806
641 680
641 812
641 864
641 838
641 992
641 891
642 1008
643 1629
643 878
644 1889
644 2057
644 1646
644 730
644 2141
644 2142
644 1279
645 896
646 2834
646 2173
648 955
649 984
649 926
649 689
651 2862
652 930
652 858
653 1005
654 655
655 661
655 933
657 978
657 720
657 977
657 875
657 748
657 658
657 984
657 1001
657 1007
658 984
658 873
659 906
659 914
659 672
659 946
659 833
659 834
659 850
659 724
659 733
659 875
660 875
661 856
661 829
663 683
663 725
663 726
663 2073
663 766
664 665
666 800
666 696
666 697
666 699
666 764
667 697
670 2419
670 2404
671 800
671 760
671 709
671 903
671 837
674 2947
675 865
675 866
675 676
675 1391
675 1977
675 1743
676 865
676 1743
676 1977
677 678
678 1003
678 932
679 2443
682 951
682 967
683 695
683 843
683 901
683 903
683 684
683 685
683 767
684 2658
684 903
684 1674
684 2476
684 1870
684 2644
684 885
684 2266
684 1466
684 767
685 2658
685 903
685 1870
685 885
685 767
686 839
688 689
689 896
689 1007
689 933
690 2627
692 696
693 1953
693 1298
693 751
695 903
695 696
695 697
695 698
695 746
695 885
696 698
696 902
696 699
696 803
697 904
697 840
697 698
697 699
697 712
697 985
697 997
697 998
697 744
697 753
697 746
699 797
701 890
701 891
702 749
702 750
702 853
703 1417
704 770
704 771
704 944
705 706
705 707
705 797
706 707
706 797
708 1529
708 1145
709 958
710 748
710 845
710 933
711 796
712 985
712 954
712 746
712 998
712 997
713 2710
714 2366
714 2926
716 875
718 757
719 720
720 785
721 812
721 845
721 814
721 762
723 2384
723 874
723 990
723 2327
725 966
725 766
725 726
726 766
727 728
727 735
727 845
727 1007
728 940
728 845
728 735
729 905
729 977
730 903
730 874
730 860
730 778
731 732
731 853
732 749
733 811
734 735
735 952
736 2640
736 737
736 787
738 791
739 845
739 1007
741 977
743 802
743 744
743 908
743 909
743 803
744 803
744 745
744 770
744 802
745 908
745 909
745 803
745 802
746 996
746 997
746 985
746 954
746 1757
746 998
748 977
748 984
749 750
749 994
750 992
750 994
751 872
751 851
751 809
752 800
752 1251
752 780
752 799
755 756
758 845
759 845
760 1983
760 999
760 1373
761 803
761 823
761 798
762 917
765 820
766 903
766 1870
767 1270
767 2658
767 2149
767 1228
767 1231
767 794
768 3000
768 769
768 2999
770 802
770 909
770 894
772 1233
772 2110
772 878
772 1629
773 845
773 855
774 881
775 797
776 870
777 1889
777 1276
777 2987
777 1004
777 880
777 2193
777 885
777 1660
778 1984
778 1889
778 2057
778 1004
778 2141
778 1200
778 1236
778 1646
778 1783
778 1660
778 1914
778 1279
779 856
779 2564
780 2616
780 2617
783 845
784 812
786 933
786 873
786 845
790 857
790 791
791 816
791 857
793 2367
793 1805
793 1789
797 801
799 800
800 903
800 1002
802 803
802 909
804 2738
805 812
805 807
806 807
806 812
808 898
808 820
811 914
812 864
812 845
812 846
812 882
812 814
814 864
814 845
814 846
815 1000
816 1704
819 2568
819 2972
820 877
822 968
824 845
824 910
826 1539
826 2442
826 2987
826 2193
826 1323
826 1663
829 832
829 884
832 962
833 835
834 835
840 894
841 845
842 956
843 2175
844 848
844 846
845 964
845 978
845 981
845 982
845 994
846 978
846 981
846 982
846 983
849 2323
849 2727
850 906
851 3248
851 1249
851 2043
851 1909
853 1671
853 3081
853 2671
853 2423
853 3064
853 2270
854 875
855 861
858 859
859 2437
860 1126
860 1961
860 1962
860 1930
860 1844
860 1209
861 863
861 862
863 1237
863 1926
863 1213
865 866
865 1743
866 923
867 930
871 1165
872 2413
872 3110
873 984
874 2096
874 2615
874 1486
874 2384
874 2385
874 3255
874 1720
874 1244
874 990
875 935
883 977
884 1008
885 1991
885 1992
885 2699
885 1944
885 1278
887 888
889 922
889 2699
894 920
895 3050
899 1002
899 900
903 2699
903 2073
903 2266
903 1962
903 2999
903 3000
903 3145
903 1228
903 1231
903 2644
903 2645
903 2658
903 2153
912 2627
915 976
915 983
916 924
917 1008
918 1002
918 1003
924 925
928 937
931 968
933 993
933 977
933 984
934 2979
934 935
936 938
936 939
936 937
937 938
941 984
941 942
944 2024
944 2834
944 1235
945 972
954 1888
954 997
954 998
957 984
958 2399
959 1485
960 3107
961 2121
961 2122
966 967
967 1703
969 970
970 3232
972 2326
974 2205
976 1545
977 978
978 984
978 988
979 980
984 993
985 997
987 988
988 992
991 3044
991 1717
992 994
996 997
996 998
997 998
1002 2304
1002 1593
1002 1333
1003 1194
1003 2829
1003 1582
1003 1333
1009 1032
1009 2021
1009 2022
1010 2024
1010 2173
1011 2017
1011 1541
1011 1414
1011 1960
1011 1294
1011 1424
1012 1056
1012 1377
1012 1740
1012 1676
1012 1362
1012 1375
1013 1233
1013 1436
1013 1437
1013 2085
1014 2130
1015 1545
1015 1261
1016 1520
1017 1931
1017 1351
1017 2057
1017 1739
1017 1309
1018 1493
1019 1173
1020 1901
1021 1869
1022 1523
1023 1411
1024 1950
1025 1899
1026 1046
1027 1097
1027 1106
1027 1245
1028 1241
1028 1934
1029 1641
1029 1866
1029 1484
1029 1485
1030 2109
1031 2008
1031 1755
1031 2007
1032 2000
1032 1661
1032 1662
1033 1488
1034 1482
1035 1040
1035 1306
1035 1611
1035 1675
1036 1632
1036 1765
1036 1678
1036 1104
1036 1171
1036 1401
1036 1532
1037 1209
1038 1073
1038 1306
1038 1075
1038 1675
1039 2029
1040 1611
1040 1675
1041 1887
1041 2131
1041 2157
1041 1822
1041 1135
1042 1271
1043 1700
1043 1701
1043 1450
1043 1995
1043 1937
1043 1973
1043 1947
1043 1948
1044 2017
1044 1283
1044 1896
1044 1517
1044 1299
1044 1528
1044 1885
1045 1632
1045 1124
1045 1609
1045 1675
1045 1772
1045 1439
1046 2056
1047 1251
1047 1165
1047 1935
1048 2113
1048 1250
1049 1782
1050 2127
1051 1488
1052 1954
1052 1955
1052 1956
1053 1158
1054 1251
1055 2017
1055 1233
1056 1377
1056 1729
1056 1740
1056 1362
1056 1375
1057 1120
1058 1936
1058 1457
1058 1371
1059 1371
1060 1226
1060 1703
1061 1805
1062 1090
1062 2020
1063 1168
1063 1954
1063 1955
1063 1956
1064 1248
1064 1233
1065 1511
1065 1714
1065 1206
1065 2107
1066 2129
1067 1496
1067 1233
1068 1978
1068 1740
1068 1727
1069 2148
1070 1384
1070 1072
1071 1376
1072 1166
1072 1217
1073 1595
1073 1075
1074 1523
1075 1187
1075 1368
1075 1595
1075 1596
1076 1924
1076 1224
1076 1738
1076 1647
1076 1817
1076 1242
1077 1186
1077 1192
1077 1579
1077 1653
1077 1403
1077 1727
1078 1138
1078 1943
1079 1712
1080 2085
1080 1193
1080 1387
1080 1932
1080 1906
1080 1370
1080 1436
1080 1437
1081 2150
1082 1724
1083 1476
1083 1477
1084 1573
1085 1496
1085 1233
1086 1344
1086 1496
1086 1294
1087 1104
1087 1401
1087 1171
1087 1604
1087 1389
1088 1965
1089 2002
1090 2019
1090 2020
1091 1672
1091 1314
1092 1858
1093 1872
1093 1487
1094 1880
1095 1657
1096 1763
1096 1764
1097 1575
1097 2097
1097 1719
1097 1691
1097 1630
1098 1858
1098 1605
1098 1834
1098 2124
1098 2125
1098 2162
1098 2163
1098 1115
1098 1438
1099 1669
1099 1951
1100 2095
1101 1456
1102 1602
1103 1336
1103 1129
1104 1765
1104 1772
1104 1197
1104 1422
1104 1401
1105 1672
1105 1314
1106 1398
1107 1560
1108 1913
1109 1945
1110 1392
1111 2096
1111 1184
1111 2051
1111 2052
1112 1380
1113 2131
1113 1887
1114 1151
1116 2029
1117 1600
1117 1602
1117 1812
1117 1253
1117 1207
1118 2105
1118 1670
1119 2713
1119 1686
1120 1858
1121 1457
1122 1283
1122 1299
1122 1885
1122 1247
1123 1851
1125 1584
1125 1585
1125 1586
1126 1930
1126 1627
1126 1962
1127 1816
1128 1642
1128 1879
1129 1854
1130 2161
1130 2039
1131 1419
1132 1743
1132 1151
1133 1491
1134 1957
1135 2160
1135 1796
1135 1630
1136 1712
1136 1836
1136 1142
1137 1457
1138 1860
1138 1245
1139 1726
1140 1973
1140 2095
1141 2097
1141 1413
1141 1478
1142 1712
1143 1386
1144 1945
1144 1868
1145 1400
1145 1387
1145 1547
1145 1683
1146 1585
1147 1504
1147 1259
1147 1291
1147 1233
1147 1906
1147 1502
1147 1655
1147 2110
1147 1503
1148 1953
1148 2042
1148 1298
1149 2914
1149 1370
1150 1625
1150 1339
1150 1326
1152 1210
1153 1968
1154 1489
1155 1458
1155 1211
1155 1567
1156 1284
1156 1254
1157 2075
1157 1366
1159 1513
1159 1378
1160 1496
1161 1790
1162 2059
1162 1783
1163 1902
1164 1519
1165 1507
1165 1540
1165 2088
1165 1520
1165 2098
1166 1384
1166 1217
1167 2161
1167 2158
1169 1706
1170 2920
1170 2913
1170 1806
1170 2319
1171 1765
1171 1772
1171 1197
1171 1422
1171 1401
1172 2165
1172 2166
1172 1382
1172 1357
1173 1891
1173 1890
1174 1371
1175 1864
1175 1937
1175 1865
1176 1404
1176 1989
1176 1990
1177 1193
1178 1633
1178 1634
1179 1537
1180 1831
1180 1835
1180 1830
1180 1199
1181 1461
1182 1938
1182 1526
1183 1801
1183 1644
1185 1911
1185 1615
1186 1579
1186 1653
1187 1609
1188 1227
1188 1723
1189 1726
1190 2104
1190 1544
1190 1851
1191 2127
1191 1676
1191 1727
1194 1583
1195 1674
1195 2476
1195 2266
1196 1217
1198 2053
1199 1835
1200 1957
1200 1429
1200 2140
1200 2143
1201 1205
1202 1842
1203 1600
1203 1602
1203 1812
1203 1253
1203 1207
1204 1349
1204 1535
1206 1744
1207 1812
1208 2129
1209 1844
1209 1930
1211 1704
1211 1997
1211 1987
1211 1999
1212 1538
1213 1410
1213 1671
1213 1418
1213 1515
1213 1842
1214 1768
1215 1457
1216 1233
1217 1384
1218 1894
1219 1536
1219 1802
1219 2037
1219 1798
1220 1707
1220 2091
1220 1708
1220 1709
1220 1957
1221 2002
1221 1702
1221 1622
1222 1408
1223 1815
1223 1564
1223 1319
1224 2762
1225 1453
1226 1703
1227 2089
1227 1805
1227 1510
1228 1413
1228 2149
1229 1453
1229 1454
1230 1516
1231 1413
1232 1584
1232 1745
1232 2018
1232 1546
1232 1453
1233 2017
1233 1885
1233 1393
1233 1683
1233 1496
1233 1239
1233 1854
1234 1649
1235 2024
1236 1783
1237 1410
1237 1671
1238 2765
1238 1510
1238 1982
1239 2110
1239 1854
1240 1644
1240 1501
1240 1702
1240 1458
1241 2120
1241 1934
1242 2068
1243 1860
1244 1327
1245 1905
1245 1534
1246 1413
1249 2042
1250 1884
1250 1632
1251 1520
1251 2036
1251 1717
1251 1782
1252 2131
1252 1524
1253 1812
1254 1874
1254 1846
1255 1702
1255 1999
1256 1814
1257 1689
1258 1746
1259 1505
1259 1642
1260 1608
1261 1281
1262 1872
1263 1536
1263 1855
1264 1720
1265 2112
1265 1513
1265 1378
1266 1741
1267 1814
1268 1859
1269 1380
1269 1645
1270 1664
1270 1451
1270 1710
1270 1336
1270 2046
1271 1886
1272 1618
1272 1917
1273 2090
1273 1911
1274 2036
1275 2013
1276 1969
1277 1570
1278 1991
1278 1992
1278 1674
1278 1844
1279 1762
1279 1736
1280 2035
1281 1638
1281 1413
1282 1420
1282 2043
1282 1700
1282 1973
1282 1499
1283 1896
1283 2633
1283 1528
1284 1448
1284 1569
1285 1782
1285 1775
1286 1632
1286 2027
1287 1346
1288 1341
1289 1848
1289 1946
1290 1923
1291 1502
1292 2011
1292 1846
1293 1886
1294 1721
1295 1766
1295 1462
1295 1911
1296 2113
1297 2072
1297 1895
1299 1896
1299 2633
1299 1528
1300 1515
1301 1470
1302 2073
1303 1415
1304 2029
1304 2030
1305 2042
1305 1911
1307 1480
1307 2108
1307 1606
1308 1983
1309 2570
1309 1490
1310 1392
1311 1731
1311 1732
1311 1733
1311 1579
1311 1580
1311 1653
1311 1403
1311 1727
1312 1804
1312 1621
1313 1403
1315 1633
1316 1518
1317 1642
1318 1642
1318 1558
1320 1518
1321 1679
1322 1833
1322 1679
1323 1539
1323 1791
1323 1658
1323 1663
1324 1970
1325 2075
1326 1512
1326 1435
1328 1513
1329 2104
1329 2043
1329 1998
1329 1335
1330 2072
1331 1799
1331 1695
1332 1513
1333 1857
1333 1582
1333 1825
1334 1864
1336 1556
1337 1846
1338 2001
1338 2049
1339 1512
1339 1435
1340 1409
1340 1875
1341 1379
1341 1883
1341 1919
1342 2060
1343 1481
1344 1496
1345 1958
1345 1350
1346 2024
1346 2116
1347 1978
1348 1887
1349 1446
1349 1535
1350 1958
1351 2825
1352 1411
1352 1365
1353 1634
1353 2075
1353 2054
1354 2745
1354 1969
1355 1383
1356 1731
1356 1732
1356 1733
1356 1579
1356 1653
1356 1403
1356 1727
1357 1899
1358 1443
1359 1657
1360 1939
1360 1755
1361 1403
1361 1727
1363 1723
1363 2036
1364 1403
1365 1473
1365 1411
1365 1412
1366 2075
1367 1403
1368 2132
1369 2080
1369 1898
1371 2028
1371 1457
1371 1972
1371 1722
1371 2141
1371 1407
1372 1633
1372 1634
1373 1797
1374 1443
1375 1676
1375 1740
1375 1377
1376 1601
1376 1459
1376 1500
1377 1587
1377 1403
1378 2071
1379 1883
1380 1645
1380 1646
1380 1949
1381 1383
1382 2166
1383 1753
1383 1562
1383 1754
1385 1976
1385 1434
1385 1975
1387 1684
1387 1668
1388 1578
1389 1604
1390 1890
1391 2128
1391 1533
1394 2085
1394 2967
1395 2012
1395 1963
1395 1964
1396 1963
1397 2012
1397 1963
1397 1964
1399 2015
1401 1772
1401 1917
1402 1442
1403 1728
1403 1732
1403 1733
1403 1580
1403 2062
1403 1934
1403 2127
1403 1654
1403 1816
1403 1729
1403 1727
1403 1916
1403 1711
1404 1677
1405 1711
1406 1508
1406 1706
1406 1677
1406 1741
1406 1950
1408 1611
1408 1675
1411 1473
1411 1412
1413 2149
1413 1428
1414 1496
1414 1721
1416 1914
1417 1766
1417 2249
1417 2671
1417 3064
1418 1761
1418 1926
1419 1651
1419 1538
1419 1909
1419 1999
1420 2043
1420 1538
1420 1973
1420 1839
1421 1624
1423 2111
1424 1721
1424 1541
1425 1426
1427 1856
1428 2185
1429 2143
1430 2143
1431 1433
1432 2001
1432 1433
1434 1975
1436 1441
1436 1475
1436 1437
1436 1885
1437 1441
1437 1475
1440 1530
1440 1531
1442 2017
1443 1444
1443 1445
1445 1598
1446 1971
1447 2111
1449 1995
1449 1614
1450 1467
1452 2064
1453 1584
1454 1546
1455 1844
1457 1776
1457 1972
1457 1461
1457 1757
1458 1644
1458 1997
1458 1998
1460 1586
1460 2045
1461 1757
1462 1872
1463 2038
1464 1465
1466 2476
1466 1674
1466 2266
1467 1700
1467 1701
1467 1995
1467 1937
1467 1973
1467 1947
1467 1948
1468 1778
1469 1581
1469 1470
1470 1565
1470 1566
1471 1914
1471 2058
1472 1675
1472 2029
1473 1786
1474 1903
1475 1524
1475 1686
1476 1657
1476 1477
1476 2005
1478 2131
1479 1670
1480 2108
1483 1755
1484 1923
1484 1996
1484 1789
1485 1641
1485 1866
1486 1857
1487 1705
1487 2045
1490 1734
1491 1573
1491 2117
1492 1729
1493 1742
1494 2131
1495 1496
1496 2017
1497 1498
1498 1871
1500 1925
1504 1683
1505 1635
1506 1696
1507 2126
1507 1703
1508 1818
1508 1706
1509 1706
1510 1723
1510 1972
1510 1982
1511 1744
1512 2452
1513 2071
1514 1515
1514 2270
1517 3208
1519 1820
1519 1774
1520 1927
1520 1577
1520 2034
1521 1657
1522 1757
1524 1808
1524 1686
1524 2736
1524 2709
1524 2934
1524 1719
1525 3257
1525 2980
1525 2630
1525 2161
1526 2001
1526 1574
1527 2634
1527 1796
1528 2634
1529 1683
1532 2111
1536 1537
1536 1794
1538 1973
1538 2043
1539 2281
1539 2442
1541 1721
1542 1759
1542 1543
1544 1959
1545 1620
1548 1858
1549 1550
1550 1825
1551 1552
1552 1643
1553 1554
1555 1682
1556 1812
1556 1664
1557 1755
1559 1560
1560 1561
1563 1928
1565 1597
1567 1997
1567 1999
1568 1909
1571 1871
1572 1928
1572 1777
1575 2097
1576 2842
1576 2036
1578 2070
1578 1847
1579 1732
1579 1653
1579 1727
1580 1727
1580 1978
1580 1653
1581 1625
1582 1583
1585 1586
1586 2045
1588 1589
1588 1590
1589 1688
1589 1590
1591 1592
1593 1594
1595 1609
1595 1681
1595 2066
1595 1943
1595 1596
1598 1823
1599 1872
1600 1602
1603 1890
1605 1836
1605 1965
1607 2147
1608 1702
1610 1769
1610 1611
1612 1869
1613 1701
1613 1814
1616 2130
1617 2129
1619 1811
1620 1897
1622 1768
1622 2002
1623 1725
1624 1749
1624 1748
1624 1942
1626 1743
1628 2160
1628 1796
1629 1845
1629 1796
1630 2246
1630 2157
1630 2131
1630 2233
1630 1822
1630 1887
1631 1749
1632 1678
1633 1634
1633 1970
1633 2019
1633 2075
1634 2006
1635 1669
1636 1804
1637 1750
1639 1965
1640 1715
1642 1877
1642 1879
1644 2043
1645 1646
1647 1817
1647 3215
1648 1862
1650 1782
1652 1827
1653 1728
1653 1731
1653 1732
1653 1733
1653 1727
1654 1727
1656 1657
1659 1913
1659 1867
1660 1984
1660 1914
1663 2987
1663 3108
1663 2442
1663 2316
1664 1854
1665 1814
1666 1667
1669 1952
1669 1951
1671 1926
1673 1720
1674 1992
1674 2065
1676 2127
1676 1727
1679 1680
1680 1872
1685 2168
1685 1824
1685 1902
1686 1808
1686 1691
1686 1885
1687 1985
1687 1986
1687 1809
1689 1838
1690 1804
1691 1822
1692 1693
1694 3080
1694 1922
1695 1799
1697 2050
1698 1699
1699 2042
1700 2072
1700 1701
1701 1909
1701 2072
1703 2263
1703 2201
1704 2724
1705 2064
1710 2658
1712 1713
1713 1881
1713 1725
1716 1743
1717 1912
1718 2060
1719 2097
1721 2017
1721 1960
1723 1792
1723 2089
1723 1805
1723 1810
1724 1725
1727 1728
1727 1731
1727 1732
1727 1733
1727 1978
1728 1978
1729 1740
1730 1978
1731 1732
1731 1733
1732 1733
1734 1836
1734 1837
1735 1911
1736 1737
1736 1762
1739 2378
1739 1868
1743 2128
1743 1977
1743 1979
1747 2098
1748 1942
1749 1942
1751 1829
1751 1830
1751 1831
1752 1779
1752 1780
1755 1939
1755 1940
1755 2007
1756 1848
1756 1946
1758 1905
1760 1805
1763 1764
1766 2115
1766 1767
1767 2115
1768 2002
1768 2084
1770 1776
1771 1772
1772 2027
1773 2041
1773 1788
1775 1782
1777 1928
1779 1921
1779 1920
1779 1781
1779 2015
1780 1921
1780 1920
1782 1784
1783 2059
1784 2350
1785 1920
1785 1921
1785 1908
1785 1841
1785 2015
1787 1789
1788 1789
1793 2100
1794 1802
1794 2037
1795 2145
1796 2017
1796 2160
1796 1845
1800 2137
1800 1801
1802 2816
1803 1967
1805 1894
1805 1911
1806 2144
1806 1807
1807 2920
1807 2922
1807 2252
1809 1985
1813 2041
1813 1987
1817 3215
1819 1941
1821 2064
1822 2131
1823 2996
1826 1827
1827 2146
1828 1832
1828 1831
1829 1830
1830 1832
1831 1832
1839 1993
1839 2042
1840 2041
1840 2042
1842 1843
1843 3081
1844 1991
1844 1992
1844 1930
1844 1944
1845 2160
1845 2968
1845 2955
1847 1911
1849 1913
1850 1862
1851 1959
1851 1852
1851 1853
1852 2972
1852 3227
1853 3227
1860 1861
1860 2159
1861 2668
1863 1867
1864 1937
1864 1938
1867 1912
1869 1981
1870 2073
1872 2064
1873 2005
1876 2093
1877 1879
1878 1879
1880 1937
1881 1882
1883 2883
1887 1888
1889 1984
1890 2044
1891 2933
1892 1893
1895 1915
1897 2025
1897 2026
1897 1958
1900 3080
1900 2041
1900 2795
1902 2168
1904 1905
1905 1917
1907 2135
1910 1911
1911 2016
1911 2087
1911 2086
1911 1933
1911 2167
1911 2106
1911 2151
1911 2140
1911 2143
1912 1913
1914 1984
1914 2057
1914 2153
1914 2141
1918 2067
1919 2072
1920 2015
1920 1921
1921 2015
1922 2070
1924 2404
1928 1929
1937 1938
1941 1942
1947 2072
1947 1995
1948 1995
1951 1952
1957 2113
1957 1965
1957 2042
1959 2104
1961 2152
1961 1965
1963 1964
1965 2152
1966 1968
1967 1970
1969 1992
1970 2019
1971 1972
1972 2141
1973 2043
1973 2025
1973 2026
1973 2104
1974 2027
1980 1981
1982 2141
1988 1990
1989 1990
1994 2042
1995 1996
1998 2102
1998 1999
1999 2043
1999 2101
1999 2102
1999 2104
2003 2004
2003 2005
2004 2005
2007 2008
2009 2010
2014 2071
2017 2110
2018 2045
2021 2033
2022 2033
2023 2082
2025 2026
2025 2043
2025 2042
2026 2042
2026 2043
2030 3181
2031 2032
2037 2262
2037 2639
2039 2040
2041 2042
2042 2167
2042 2067
2042 2043
2043 2104
2045 2064
2047 2064
2047 2137
2047 2048
2048 2049
2055 2118
2057 2083
2057 2058
2060 2061
2063 2090
2069 2167
2073 2153
2074 2075
2076 2096
2077 2079
2078 2079
2079 2081
2092 2094
2093 2094
2097 3003
2099 2100
2101 2102
2102 2104
2103 2104
2114 2167
2118 2119
2121 2122
2121 2123
2127 2133
2129 2139
2134 2136
2134 2135
2138 2154
2140 2142
2151 2167
2155 2156
2158 3257
2158 2980
2158 2161
2158 2630
2163 2164
2165 2166
2169 2870
2170 2707
2170 2567
2171 2192
2172 2900
2173 2834
2174 2493
2175 2651
2175 3111
2176 2294
2176 2343
2177 2519
2178 3095
2179 2641
2180 3252
2181 2611
2181 2291
2182 3101
2183 2480
2183 2526
2184 2470
2185 2225
2186 2632
2187 2200
2188 3232
2189 2485
2190 2269
2191 2984
2191 2570
2193 3117
2193 2442
2194 2878
2195 2733
2195 2254
2196 2866
2196 2867
2197 3056
2197 2649
2198 2824
2198 2609
2199 3165
2201 2263
2201 3044
2202 2314
2203 2456
2203 3088
2203 2667
2203 2407
2204 2233
2204 3211
2204 2711
2205 3188
2205 2814
2206 2489
2207 3003
2208 2996
2209 3148
2210 3107
2210 2375
2211 3072
2211 2640
2211 2494
2212 2546
2213 2473
2213 2253
2213 3126
2214 2537
2214 2981
2214 2750
2214 2751
2215 2382
2216 2328
2216 2780
2217 2813
2218 3251
2219 2574
2220 2332
2220 3222
2221 2992
2221 2520
2221 3156
2222 3113
2222 2670
2223 3010
2223 3011
2224 2952
2226 3226
2227 2975
2228 3071
2229 3144
2230 2663
2231 2640
2232 2312
2232 3033
2234 2465
2234 2298
2234 2374
2235 2993
2235 2994
2236 3142
2236 3143
2237 2717
2238 2767
2239 2871
2240 2920
2240 3128
2241 3262
2242 2858
2242 2287
2243 2500
2244 2533
2245 2840
2246 3160
2246 2980
2247 2458
2247 2708
2248 2424
2248 2411
2248 2715
2248 2287
2249 3081
2250 2294
2250 2343
2251 2396
2252 2916
2252 2924
2255 2861
2256 2747
2257 2790
2258 2360
2258 3030
2259 3010
2260 2628
2260 2580
2261 2748
2261 2966
2262 3083
2263 3044
2264 2812
2265 2988
2266 2999
2267 2721
2268 2517
2270 2623
2271 3100
2272 2290
2273 2592
2273 2593
2274 2801
2275 3168
2276 2299
2277 2764
2278 3007
2279 2799
2280 2933
2281 2745
2282 3147
2283 2801
2283 3116
2284 2734
2285 3207
2286 2982
2288 2859
2289 2884
2290 2487
2292 2989
2293 2872
2294 2343
2295 2800
2296 2899
2296 3223
2297 2518
2298 3082
2300 3104
2300 3105
2301 3112
2302 3235
2303 2739
2304 2390
2305 2439
2306 3244
2307 2540
2307 2846
2307 2847
2308 2385
2308 2615
2309 2607
2310 3156
2310 2582
2311 2801
2312 3033
2312 3130
2313 2571
2313 2572
2315 3174
2316 3108
2317 3233
2318 2956
2319 2920
2320 2481
2321 3122
2321 3243
2322 3200
2322 3153
2323 3076
2324 3081
2324 2702
2325 3018
2326 2573
2327 2384
2327 3119
2329 2509
2330 3131
2331 2601
2331 2438
2333 3180
2334 2829
2335 2528
2336 2704
2336 3149
2337 2874
2337 2763
2338 3227
2338 2972
2339 2461
2340 2544
2341 2344
2341 2777
2342 2910
2345 2805
2346 2543
2347 2808
2348 3208
2348 2535
2349 2865
2350 2892
2351 2402
2352 3238
2353 3143
2354 2498
2355 3029
2356 2804
2357 3096
2357 2406
2358 2665
2359 2404
2360 3169
2360 3166
2360 3167
2361 2929
2362 2483
2363 2656
2363 2654
2363 2655
2364 3239
2365 2605
2366 3140
2367 2652
2368 2785
2369 2841
2370 2658
2371 2756
2372 2724
2373 2906
2374 3082
2375 2471
2376 2752
2377 3162
2378 2381
2379 3135
2380 2652
2383 2939
2383 3255
2386 2754
2386 2755
2386 2532
2386 2990
2387 3127
2388 2925
2389 2755
2389 2532
2391 2558
2392 2709
2393 2660
2394 3228
2395 2712
2397 3089
2398 3210
2399 3000
2400 2606
2401 2935
2402 2971
2402 2724
2403 3002
2403 2895
2404 2419
2405 2852
2408 2854
2409 2422
2410 2727
2412 3133
2412 3063
2413 3110
2414 2504
2415 2754
2415 2990
2416 3171
2417 2738
2418 3193
2419 3120
2419 3239
2420 2683
2420 3197
2420 2782
2420 2447
2421 2646
2423 3064
2423 2671
2425 3193
2426 3122
2426 3123
2426 3243
2427 2678
2428 2506
2429 2633
2429 2634
2430 2542
2431 3034
2432 3229
2433 2877
2434 2943
2435 2879
2436 2945
2436 2946
2436 2947
2437 2819
2437 2820
2438 2601
2438 3181
2438 2531
2440 2798
2441 3109
2442 3108
2442 2987
2442 3117
2443 2760
2444 2875
2445 2644
2446 2827
2447 2683
2447 2782
2448 2837
2449 2452
2450 3155
2450 3157
2451 2520
2453 2895
2454 2786
2455 2515
2457 2687
2458 2567
2458 2707
2459 3212
2459 2991
2460 2531
2462 3189
2463 2608
2464 2908
2465 3082
2466 2873
2467 3082
2468 2562
2469 3139
2472 2557
2474 2896
2475 2823
2476 2999
2477 3246
2478 2896
2479 2667
2482 2995
2482 2830
2482 3134
2484 2920
2486 2666
2488 3033
2490 2625
2490 3253
2490 2615
2491 3010
2491 3011
2492 3159
2495 2576
2496 3089
2497 3065
2498 3065
2499 2815
2501 2983
2502 2536
2503 3176
2505 2773
2506 2779
2507 2703
2508 2962
2510 2511
2512 2683
2512 2514
2512 2979
2513 2683
2513 2979
2514 2979
2515 3082
2515 2516
2515 2586
2519 2781
2519 3001
2520 2992
2520 3155
2521 2522
2521 2909
2521 2869
2523 2956
2524 2956
2525 3227
2527 2860
2528 2575
2529 3094
2529 2943
2530 2963
2530 2964
2532 2754
2532 2755
2534 3067
2535 3208
2536 2697
2537 2981
2537 2751
2538 3077
2539 2560
2540 2846
2540 2847
2541 2542
2545 2546
2547 2728
2548 2700
2549 2550
2551 3146
2552 2929
2553 3170
2553 2627
2554 3118
2555 2883
2556 2610
2557 2668
2558 2559
2559 2741
2561 2637
2563 2564
2563 2565
2563 2647
2564 2565
2566 2716
2568 2669
2568 2670
2569 3248
2570 3121
2570 3141
2571 2572
2576 3050
2576 2941
2577 3066
2578 2619
2579 2580
2579 2676
2580 2778
2581 2737
2582 2590
2583 2584
2584 2585
2587 2792
2587 2730
2588 2589
2591 2593
2591 2594
2591 2596
2592 2593
2593 2594
2593 2595
2594 2595
2595 2596
2597 2598
2599 2828
2600 2762
2601 3181
2601 3245
2602 2603
2604 2977
2606 2693
2606 3215
2612 2613
2614 3023
2615 2886
2616 2617
2618 3002
2618 3074
2620 2622
2621 2622
2623 3081
2624 2674
2624 3044
2626 2636
2627 2954
2629 3209
2629 2685
2630 3257
2631 2662
2633 2634
2635 2902
2638 2639
2640 2716
2640 3039
2642 2683
2642 3197
2643 2644
2643 2645
2644 3145
2648 3097
2649 3056
2650 2749
2653 2681
2654 2656
2654 2655
2655 2656
2657 3249
2659 2660
2659 2661
2660 2661
2664 2889
2668 3100
2671 3064
2672 3184
2673 3231
2675 3239
2677 2833
2679 2944
2679 2710
2680 2794
2682 2732
2683 3197
2683 2782
2684 3047
2686 2904
2688 2689
2690 2691
2692 2974
2693 3239
2694 2695
2696 2715
2696 2749
2698 2880
2699 3129
2701 2949
2704 2717
2704 3149
2705 2778
2706 3006
2713 2849
2714 3250
2715 2802
2715 3037
2716 3072
2717 3149
2718 2719
2720 3217
2722 2825
2723 2856
2725 2726
2727 3076
2729 3022
2731 2920
2735 3177
2736 2955
2738 3225
2740 3098
2742 3230
2743 3192
2744 2753
2746 2747
2748 3046
2751 2981
2751 2839
2754 3051
2754 2990
2757 2758
2759 2911
2760 2826
2761 3161
2764 2765
2766 2959
2768 3196
2769 3084
2770 2771
2772 3049
2774 2776
2774 3069
2774 3070
2775 2776
2778 3085
2783 2784
2787 2788
2789 2856
2791 2893
2793 2940
2795 3080
2796 2842
2797 3172
2798 2898
2801 3115
2801 3116
2801 3153
2803 2927
2806 2851
2806 2807
2808 2809
2809 3064
2810 2811
2814 3188
2816 2817
2816 2818
2821 2822
2831 2897
2832 2833
2832 3087
2833 3139
2833 3239
2835 3135
2836 2978
2836 2894
2838 2901
2838 3125
2843 2936
2843 3062
2844 2881
2845 2912
2847 3154
2847 3005
2847 3231
2848 3249
2850 3091
2852 3193
2853 2854
2853 2855
2857 2885
2861 3007
2862 2864
2863 2864
2868 3232
2876 3002
2882 2907
2887 2888
2889 2890
2891 3202
2895 2942
2899 3224
2899 3223
2902 2903
2905 3035
2913 2920
2915 2921
2915 2918
2917 2920
2918 2921
2919 2920
2920 2923
2920 3128
2922 2924
2926 3140
2928 3099
2930 2931
2932 3178
2934 3163
2936 3173
2937 3036
2938 3075
2939 3255
2942 3002
2945 2948
2945 2946
2946 2947
2947 2948
2950 2951
2953 3263
2956 3186
2956 2957
2958 3066
2960 3218
2961 3259
2964 2965
2967 2968
2969 2970
2972 3227
2973 3124
2973 2974
2974 3124
2975 2976
2985 2986
2987 3117
2992 3016
2992 3155
2993 2994
2997 3004
2998 3032
3002 3074
3002 3068
3005 3154
3008 3009
3010 3013
3010 3011
3011 3012
3014 3015
3017 3184
3019 3020
3020 3021
3024 3025
3024 3026
3025 3026
3027 3028
3030 3031
3033 3130
3038 3039
3040 3041
3040 3043
3041 3043
3042 3043
3045 3066
3048 3150
3052 3136
3052 3053
3052 3054
3053 3136
3053 3054
3055 3056
3057 3058
3058 3059
3060 3227
3060 3061
3062 3173
3073 3144
3078 3079
3086 3087
3089 3090
3092 3093
3102 3104
3102 3105
3102 3106
3102 3107
3102 3247
3102 3103
3103 3105
3103 3106
3105 3106
3111 3114
3122 3123
3122 3243
3123 3243
3127 3256
3132 3133
3137 3138
3142 3143
3151 3152
3155 3156
3158 3187
3164 3166
3165 3169
3165 3166
3175 3193
3175 3234
3179 3180
3182 3183
3185 3186
3190 3191
3194 3195
3198 3199
3201 3242
3203 3204
3205 3206
3213 3216
3213 3214
3214 3216
3219 3220
3219 3221
3236 3237
3240 3241
3254 3258
3260 3261
