0 1
0 2
0 3
0 4
0 5
0 6
0 7
0 8
0 9
0 10
0 11
0 12
0 13
0 14
0 15
0 16
0 17
0 18
0 19
0 20
0 21
0 22
0 23
0 24
0 25
0 26
0 27
0 28
0 29
0 30
0 31
0 32
0 33
0 34
0 35
0 36
0 37
0 38
0 39
0 40
0 41
0 42
0 43
0 44
0 45
0 46
0 47
0 48
0 49
0 50
0 51
0 52
0 53
0 54
0 55
0 56
0 57
0 58
0 59
0 60
0 61
0 62
0 63
0 64
0 65
0 66
0 67
0 68
0 69
0 70
0 71
0 72
0 73
0 74
0 75
0 76
0 77
0 78
0 79
0 80
0 81
0 82
0 83
0 84
0 85
0 86
0 87
0 88
0 89
0 90
0 91
0 92
0 93
0 94
0 95
0 96
0 97
0 98
0 99
0 100
0 101
0 102
0 103
0 104
0 105
0 106
0 107
0 108
0 109
0 110
0 111
0 112
0 113
0 114
0 115
0 116
0 117
0 118
0 119
0 120
0 121
0 122
0 123
0 124
0 125
0 126
0 127
0 128
0 129
0 130
0 131
0 132
0 133
0 134
0 135
0 136
0 137
0 138
0 139
0 140
0 141
0 142
0 143
0 144
0 145
0 146
0 147
0 148
0 149
0 150
0 151
0 152
0 153
0 154
0 155
0 156
0 157
0 158
0 159
0 160
0 161
0 162
0 163
0 164
0 165
0 166
0 2101
0 2374
1 256
1 258
1 259
1 260
1 261
1 6
1 257
1 264
1 15
1 262
1 263
1 53
1 55
1 65
1 199
1 215
1 124
1 244
1 245
1 246
1 247
1 248
1 249
1 250
1 251
1 252
1 253
1 254
1 255
2 16
2 330
2 325
2 1733
3 33
3 155
3 465
3 156
3 160
3 462
3 463
3 464
3 17
3 466
3 116
3 151
3 1976
3 122
3 91
3 28
4 490
4 493
4 494
4 495
4 496
4 497
4 498
4 309
4 311
4 475
4 316
5 39
5 1164
5 1165
5 1166
5 1167
5 114
5 951
6 1028
6 10
6 145
6 24
6 1308
6 1309
6 1310
6 1311
6 1312
6 1313
6 1314
6 1315
6 1316
6 1317
6 1318
6 1319
6 43
6 951
6 56
6 245
7 1391
8 33
8 951
9 421
9 38
9 1639
9 398
9 443
10 1317
10 1319
10 182
10 1660
10 1309
10 1311
11 1682
11 1683
11 23
12 121
12 1754
12 1755
12 79
13 97
13 36
13 101
13 1351
13 1352
13 466
13 121
13 156
14 64
14 1732
14 1733
14 1769
14 1770
14 1547
14 44
14 1549
14 1171
14 1172
14 21
14 55
14 1496
14 125
15 261
15 1806
15 1807
15 1808
15 1809
15 1810
15 1811
15 1812
15 1813
15 1814
15 55
15 1663
16 1856
16 102
16 1857
16 332
16 50
16 1806
16 49
16 82
16 51
16 1855
17 137
17 1351
18 42
19 1888
19 28
20 760
20 762
20 2359
21 1169
21 42
21 261
22 1445
22 103
22 1807
22 1937
22 1938
22 1939
22 1940
22 94
22 1942
22 1943
22 1941
22 1944
22 1662
22 1663
23 39
23 1550
23 1949
23 1950
23 1622
23 1945
23 25
23 26
23 1947
23 1948
23 1946
23 94
23 1951
24 1312
24 1318
24 1028
24 1317
24 1959
24 1308
24 1311
25 34
25 1949
25 147
25 88
25 26
25 1946
26 2016
26 1980
26 2015
27 1386
27 2027
27 2028
28 1959
28 54
28 1976
28 29
29 2325
29 54
30 1188
30 2090
30 44
30 117
30 1750
30 1751
31 2099
32 729
32 714
33 37
33 75
33 2255
33 2101
33 2108
33 2109
33 2110
33 63
34 97
34 164
34 166
34 134
34 161
34 1770
34 111
34 144
34 81
34 464
34 2102
34 87
34 2113
34 158
34 127
35 65
35 2116
35 2312
35 1483
35 1484
35 987
36 97
37 2101
38 1639
38 424
38 429
38 1640
39 163
39 135
39 138
39 2156
39 2157
39 147
39 1948
39 2090
40 2138
40 2156
40 167
41 74
41 182
41 1855
42 100
42 854
43 1313
43 1314
43 1318
43 1959
44 130
44 167
44 2253
44 89
44 2044
45 130
45 1351
46 123
46 1812
47 1703
47 551
47 570
47 1148
47 1151
48 1755
49 1547
49 52
49 2344
50 1856
50 1733
50 1857
51 1168
51 1857
51 1170
51 2333
52 1339
52 1342
52 2344
53 323
53 527
53 310
53 55
53 1853
55 66
55 2372
55 2373
55 2374
55 2099
55 128
55 1874
55 82
55 1683
55 88
55 1945
56 1168
57 2103
57 135
58 1955
58 2412
58 1808
58 126
58 95
59 2385
59 2258
59 1452
59 2294
60 346
60 75
60 364
60 1663
61 127
62 127
62 2101
62 150
62 111
63 476
63 760
63 1120
64 1171
64 1172
66 2101
66 2374
67 2530
67 1419
68 75
68 132
68 107
68 108
68 109
68 78
68 115
68 148
68 110
68 2174
68 149
69 1971
69 70
69 119
70 2438
70 71
70 139
70 1971
70 119
71 2438
71 139
71 1971
71 119
72 73
72 2445
72 2446
72 463
72 2101
73 2445
74 182
74 1855
76 120
76 1307
76 1988
76 2423
77 1784
77 2259
77 2260
78 162
78 2499
78 2501
78 2502
78 1354
78 112
78 465
78 115
78 2500
79 113
79 162
79 2234
80 118
80 2503
80 83
80 2101
80 2102
82 2530
82 2373
82 1175
82 1855
83 2102
83 118
84 2101
84 118
85 105
86 2368
86 92
88 2528
88 104
88 2253
88 1807
88 2137
88 2527
88 95
89 2529
89 390
89 2423
90 1353
91 92
92 2531
93 153
94 1952
95 1952
95 1954
95 1955
95 2535
95 2536
96 1808
96 1809
97 2544
97 464
98 2136
98 1547
98 2542
99 1991
99 2441
99 1485
99 1873
99 1944
100 2374
101 2136
101 1754
102 1992
102 2373
104 2547
104 292
106 146
106 1284
106 2101
107 110
108 110
109 148
112 2499
112 2500
112 2502
112 1173
114 1963
115 1173
115 2501
117 2674
119 1971
120 474
120 714
121 714
121 1754
123 214
124 1547
124 1549
125 1496
125 1946
125 1784
126 2413
127 2231
128 1952
129 2468
130 2101
130 1351
131 945
131 1342
131 1337
132 1656
132 2203
133 760
133 490
133 2408
135 2101
136 1976
137 2387
137 2501
138 2539
139 1971
141 1309
142 1873
142 1952
142 1855
143 2137
145 1959
146 1297
146 2044
146 2101
147 2090
150 2424
150 2268
151 2632
151 2447
152 2436
154 2318
158 2101
158 1351
161 2101
161 1351
162 1754
162 2252
163 1663
163 2534
164 1352
164 292
164 2101
165 1754
166 2101
166 1351
167 168
167 169
169 2422
169 2420
169 1493
169 2421
170 171
170 172
170 173
170 174
170 175
170 176
170 177
170 178
170 179
170 180
170 181
170 182
170 183
170 184
170 185
170 186
170 187
170 188
170 189
170 190
170 191
170 192
170 193
170 194
170 195
170 196
170 197
170 198
170 199
170 200
170 201
170 202
170 203
170 204
170 205
170 206
170 207
170 208
170 209
170 210
170 211
170 212
171 192
171 225
171 1670
171 207
171 245
171 854
171 188
172 226
172 227
172 1797
172 936
172 188
173 865
173 866
173 235
173 245
173 1237
174 214
174 244
174 245
174 854
174 212
175 213
176 214
176 199
176 947
176 948
176 949
176 854
176 184
176 190
177 193
177 1668
177 936
177 245
177 183
177 958
177 255
178 961
179 1670
179 950
180 194
180 453
180 390
180 1451
180 214
180 186
180 827
181 225
181 940
181 245
181 183
182 932
182 934
182 935
182 1962
182 1309
182 854
182 1660
182 1661
183 981
183 197
183 968
183 969
183 972
183 975
183 952
183 245
183 856
183 965
183 959
184 1102
184 213
184 958
185 192
185 1386
185 213
185 245
186 827
186 245
186 950
187 214
187 1652
187 213
187 950
187 245
188 213
189 720
189 1017
189 245
189 1015
190 955
190 245
191 201
192 1386
192 975
192 245
193 214
193 936
193 1678
193 245
193 854
193 958
196 933
196 973
196 244
196 245
196 854
197 1672
197 941
197 208
197 213
197 1016
198 266
198 1324
198 245
198 959
199 988
199 854
200 225
200 1529
200 245
200 937
202 337
202 1665
203 1281
203 948
203 214
204 961
204 940
204 245
205 937
205 245
205 961
206 936
206 937
206 245
208 245
209 218
209 1438
209 941
210 723
211 246
212 1648
212 214
213 224
213 219
213 220
213 216
213 221
213 214
213 215
213 217
213 218
213 222
213 223
214 982
214 983
214 399
214 404
214 985
214 946
214 434
214 958
214 971
214 720
214 854
214 855
214 984
214 217
214 986
214 987
214 221
214 226
214 227
214 359
214 244
214 245
214 246
215 262
215 1015
215 942
215 977
215 1334
215 375
215 1016
215 1017
215 250
215 219
215 1018
216 936
216 943
216 979
216 1655
216 1628
216 245
217 266
217 1102
217 854
217 245
218 960
218 1438
219 1467
220 1648
220 1650
220 972
221 222
221 1800
221 1835
223 1678
223 1670
224 941
224 2291
224 1598
224 477
225 230
225 940
225 245
226 1346
226 245
226 446
227 1467
227 845
227 958
228 522
228 229
228 230
229 1529
229 2043
229 854
230 812
231 232
231 233
231 234
231 388
231 1607
232 1899
232 2037
234 346
234 1647
235 2073
236 237
237 1699
237 1971
238 240
238 241
238 242
238 239
239 240
239 241
239 243
240 2121
240 243
240 2009
240 1597
243 1595
244 934
244 935
244 245
244 854
244 932
244 862
244 933
245 256
245 258
245 259
245 976
245 261
245 263
245 264
245 960
245 972
245 962
245 941
245 856
245 968
245 964
245 981
245 932
245 966
245 934
245 935
245 936
245 937
245 426
245 946
245 854
245 959
245 961
245 963
245 965
245 967
245 969
245 970
245 971
245 973
245 977
245 978
245 979
245 724
245 974
245 855
245 975
245 860
245 861
245 862
245 939
245 957
245 958
245 246
245 247
245 980
245 255
246 958
247 352
247 803
247 1233
247 456
247 1129
247 684
247 1134
247 784
247 984
247 1234
247 1235
247 1236
247 376
247 763
247 1237
248 1989
248 1485
248 1486
248 1487
248 253
249 1546
249 724
250 1290
250 1963
250 1806
251 1775
251 1508
251 1774
251 1511
252 1802
252 524
252 2004
253 1486
253 1487
254 2004
255 964
255 264
255 974
255 976
255 936
256 2301
256 377
257 2314
257 499
258 933
259 818
259 390
259 2111
260 2379
260 2380
260 2381
261 1963
263 811
263 814
263 963
265 266
265 267
265 268
265 269
265 270
265 271
265 272
266 388
266 267
266 269
266 272
266 273
266 274
266 275
266 276
266 277
266 278
266 279
266 280
266 281
266 282
266 283
266 284
266 285
266 286
266 287
266 288
266 289
266 290
266 291
266 292
266 293
266 294
266 295
266 296
266 297
266 298
266 299
266 300
266 301
266 302
266 303
266 304
266 305
266 306
266 307
266 308
266 1382
267 268
268 1615
269 1601
269 1599
270 818
270 2418
270 377
271 840
271 818
271 1382
271 2409
272 2467
273 824
273 306
273 287
274 619
274 299
275 1090
275 1123
275 290
275 1560
275 1119
276 818
277 625
277 286
278 857
278 1645
279 1712
279 1713
279 1714
279 1695
280 296
280 857
280 1493
280 1495
281 2439
281 905
281 1904
281 714
281 287
282 1974
282 1975
283 297
285 1616
285 1614
285 1599
286 619
287 1719
287 2082
288 1608
288 2410
288 1149
289 377
289 391
290 832
290 1593
291 377
292 1582
293 1740
293 1738
293 2317
294 2409
294 2654
294 1382
294 2655
295 2659
295 1493
296 857
296 1863
298 818
298 714
298 1382
298 2247
300 2195
301 2364
302 1382
303 619
303 620
304 2411
305 2511
305 1788
305 1413
305 1493
307 377
307 1493
308 1599
309 310
309 311
309 312
309 313
309 314
309 315
309 316
310 2255
310 633
310 634
310 635
311 320
311 321
311 323
311 504
311 314
311 317
312 1557
312 1556
312 2071
312 315
312 1823
313 320
314 499
314 1556
315 1507
315 1556
316 484
317 320
317 319
317 318
318 320
318 321
318 1509
319 320
319 321
319 1658
321 323
321 322
322 1506
322 1508
322 2188
322 1510
323 499
323 1659
324 328
324 329
324 325
324 326
324 327
325 329
325 331
326 2137
326 1990
326 854
327 1984
330 331
330 1806
331 1784
331 332
331 1733
332 2323
332 2324
333 336
333 1143
333 334
333 335
334 335
336 1139
336 1143
337 339
337 340
337 338
338 2154
338 339
339 2154
340 341
340 919
341 344
341 345
341 342
341 343
342 1979
342 551
342 553
342 877
342 1302
342 923
342 924
342 925
342 926
343 1272
343 1304
343 1303
343 1287
344 1793
344 1895
344 1965
344 1297
344 1560
345 1350
345 1302
345 1205
346 945
346 854
346 347
346 348
346 349
346 350
346 351
346 352
346 353
346 354
346 355
346 356
346 357
346 358
346 359
346 360
346 361
346 363
346 364
346 365
346 366
346 367
346 368
346 369
346 370
346 371
346 372
346 373
346 374
346 375
346 376
346 362
347 865
347 867
347 868
347 870
347 528
347 1075
348 1078
348 358
348 679
348 682
348 528
348 1076
348 1077
348 534
349 552
349 528
349 1238
349 539
349 1084
349 541
350 1531
350 1532
351 528
351 529
351 1635
352 1120
352 353
352 1699
352 1981
352 757
352 758
352 759
352 797
353 800
353 797
353 1250
354 1824
354 780
355 672
355 1120
355 516
355 791
355 1881
355 2014
356 688
356 1194
356 687
357 1120
357 866
357 359
357 2073
357 1019
358 534
358 679
359 1237
360 705
360 1218
360 1850
360 1006
360 1654
360 1560
360 697
360 700
360 1565
361 1019
361 1302
362 1879
362 879
363 1766
364 762
365 2505
366 1194
367 377
367 403
367 1038
367 1729
368 528
368 2080
368 540
369 760
369 1194
370 922
370 918
371 1304
371 1209
371 878
371 1303
372 1123
372 1732
373 1194
374 1255
375 982
377 385
377 386
377 387
377 388
377 389
377 390
377 391
377 392
377 393
377 394
377 395
377 396
377 397
377 399
377 400
377 401
377 384
377 403
377 404
377 405
377 406
377 407
377 408
377 409
377 410
377 411
377 412
377 413
377 414
377 415
377 416
377 418
377 420
377 421
377 422
377 423
377 424
377 425
377 426
377 427
377 428
377 429
377 430
377 431
377 432
377 433
377 434
377 436
377 437
377 438
377 439
377 440
377 441
377 442
377 443
377 444
377 445
377 435
377 417
377 419
377 398
377 402
377 378
377 379
377 380
377 381
377 382
377 383
378 1098
378 379
378 1493
378 1097
379 386
379 1097
379 1098
379 1101
379 1493
380 1566
380 385
381 1493
381 1495
382 401
382 714
382 397
382 383
383 1344
383 746
383 944
383 1585
383 1586
383 406
383 984
384 425
386 608
386 714
386 1493
386 1911
386 1912
387 818
387 837
387 2409
388 2087
388 1236
388 1542
388 2088
388 1543
388 436
388 1623
389 418
389 714
389 1493
391 456
391 714
391 857
392 1321
392 2130
392 2131
392 2132
392 2133
393 2416
393 2426
393 2196
393 2238
394 2248
394 2326
394 1566
395 714
395 2292
396 397
397 1493
397 401
398 474
398 421
399 404
399 854
400 599
401 1493
402 1858
402 2063
403 1038
404 434
404 854
405 1661
406 1495
406 1503
407 1672
407 854
409 714
409 1493
412 714
413 1493
414 2306
415 854
418 2106
418 1493
419 619
419 620
421 474
422 1732
423 1493
424 1804
426 988
426 854
426 1657
427 1858
428 2427
429 1803
430 1698
432 714
432 854
434 854
435 714
437 714
439 1136
439 620
439 601
439 599
441 855
443 1640
443 1333
445 714
446 448
446 449
446 451
446 452
446 453
446 454
446 455
446 456
446 457
446 458
446 459
446 460
446 450
446 461
446 447
447 452
448 760
448 1009
448 762
448 1005
450 451
450 1957
450 2506
450 637
450 1541
451 2507
453 1451
454 1312
454 1656
454 1211
454 1541
456 1570
456 1541
457 1369
457 995
457 678
458 1936
458 2419
458 1373
459 528
459 997
460 891
460 806
460 892
460 637
461 640
461 1393
461 638
462 463
464 2274
465 2502
467 840
467 1071
467 818
467 468
467 469
467 470
467 471
467 472
467 820
468 842
468 1282
469 2202
470 657
470 900
470 1443
471 1071
472 818
472 1071
473 474
473 1123
473 1892
473 1654
474 1560
474 1038
474 1039
474 1040
474 1041
474 818
474 1780
474 1782
474 1783
474 1781
475 476
476 2344
476 1873
476 922
477 1776
477 478
478 1776
478 1466
478 1798
478 1797
479 480
479 481
479 484
479 486
479 648
479 500
480 642
480 484
480 646
480 647
480 491
480 500
481 2220
481 2219
481 644
482 483
483 643
483 491
483 493
483 642
483 1212
484 500
484 485
485 1530
485 2042
486 488
486 489
486 487
487 502
488 502
489 2358
489 499
489 502
490 492
490 491
491 642
491 647
491 648
492 922
492 1638
493 1569
493 643
493 636
493 1567
494 1160
494 2100
494 499
494 2151
495 2425
495 546
496 2425
497 713
497 2242
498 713
498 2242
499 500
499 501
499 502
499 503
499 504
500 644
500 645
500 2100
500 503
501 504
501 1556
502 1508
502 645
502 2061
502 2358
503 645
504 1556
505 512
505 513
505 514
505 1623
505 506
505 507
505 508
505 509
505 510
505 511
506 769
506 709
506 710
506 786
506 787
506 788
506 789
506 790
506 792
506 794
506 508
507 576
507 1089
507 1090
507 513
507 662
508 528
508 572
509 890
509 659
509 654
509 510
510 577
510 2287
510 2288
510 753
510 754
510 1118
511 515
512 528
513 818
515 519
515 516
515 517
515 518
516 1732
516 1386
516 1614
516 1123
517 778
517 1464
517 1716
517 1717
517 760
517 1194
518 1701
518 674
518 1037
518 783
519 760
519 1089
520 2244
520 521
520 522
520 523
520 524
520 525
520 526
520 527
521 673
521 2244
521 523
521 1201
521 1211
522 1001
522 1002
522 1003
522 1004
522 755
522 1609
522 1848
522 766
523 2244
523 526
524 1253
524 2255
525 1438
526 2244
527 1025
527 1802
527 2255
528 1802
528 529
528 530
528 531
528 532
528 533
528 534
528 535
528 536
528 537
528 538
528 539
528 540
528 541
528 542
528 543
528 544
528 545
528 546
528 547
528 548
528 549
528 550
530 1120
530 1122
530 1251
530 676
530 531
530 532
530 543
531 1120
531 1122
531 872
531 532
532 1120
532 1122
533 1344
533 547
533 1802
533 535
533 536
533 1087
534 1539
534 2054
535 2241
535 1029
535 1025
535 536
536 1025
537 1305
537 1086
538 1985
538 1237
539 1889
539 552
539 2540
539 1630
540 677
540 2080
540 2079
541 672
541 1084
541 1022
543 2073
543 1084
543 922
544 1085
544 1589
545 1120
545 1122
545 676
546 2425
547 682
548 2290
548 1084
549 2523
551 566
551 552
551 553
551 554
551 555
551 556
551 557
551 558
551 560
551 561
551 562
551 563
551 564
551 565
551 567
551 559
552 873
552 874
552 876
552 1238
553 876
553 1269
554 577
554 1637
555 1121
555 1124
555 873
555 876
555 565
555 1881
555 1273
555 1281
556 1747
556 1979
557 566
558 713
558 890
558 707
558 1463
559 568
559 1293
560 876
560 2454
561 1879
561 797
562 1560
562 797
562 1150
563 1636
563 762
563 1148
563 1150
564 568
565 1124
565 876
566 890
566 2309
567 568
568 576
568 577
568 578
568 569
568 570
568 571
568 572
568 573
568 574
568 575
569 1124
569 1877
569 1118
570 1148
570 573
570 1150
572 1121
572 1037
573 890
573 1637
574 1641
574 2041
574 1700
574 1647
575 890
575 922
576 818
576 2186
577 1118
577 890
578 1123
579 580
579 581
579 582
579 583
579 584
579 585
579 586
579 587
579 588
579 589
579 590
579 591
579 592
579 593
579 594
579 595
579 596
579 599
579 2393
580 585
580 599
580 603
580 604
580 605
581 613
581 589
581 593
581 595
581 599
581 2393
582 2393
582 587
582 605
583 590
584 599
584 591
585 604
585 603
585 599
586 2393
586 587
587 588
587 599
587 2393
587 605
588 2393
588 605
588 599
589 2393
589 595
589 599
590 599
591 607
591 599
592 2393
592 599
593 599
594 2393
594 599
596 2393
597 1093
597 598
599 600
599 601
599 602
599 603
599 604
599 605
599 606
599 607
599 608
599 609
599 610
599 611
599 612
599 613
599 1136
600 623
600 621
601 2393
601 2148
601 605
602 1138
602 2238
603 2532
604 2532
604 2393
605 2148
605 613
605 2393
606 913
606 914
606 2038
608 2579
608 1698
608 1493
609 2691
609 2693
609 1642
609 1099
609 1493
610 912
610 2038
611 619
611 909
612 2455
613 2393
614 615
614 616
614 617
614 618
614 619
614 620
615 616
615 619
615 621
615 622
615 624
616 619
616 620
617 619
617 1604
618 620
619 627
619 620
619 621
619 622
619 624
619 625
619 626
619 623
620 909
620 621
620 622
620 624
620 625
620 626
620 910
620 911
621 2456
622 624
623 2456
627 2238
628 632
628 629
628 630
628 631
629 832
629 1291
629 1292
629 1293
629 1294
629 1295
629 1296
629 631
629 632
630 2049
631 2478
631 815
631 818
631 830
632 1291
632 1294
633 1744
633 634
633 915
634 915
635 2120
635 651
635 2158
636 640
636 641
636 1515
636 1516
636 1239
636 637
636 638
636 639
637 892
637 1239
637 891
637 893
638 640
638 653
638 1392
638 1393
638 1394
638 1395
639 1239
640 1393
641 1737
641 2479
641 1297
641 1239
641 1407
642 2457
642 647
643 1569
644 2220
644 2219
645 2100
646 1530
646 2042
647 648
647 2419
648 651
648 649
648 650
648 652
648 653
649 915
649 652
650 652
651 2120
654 656
654 657
654 658
654 655
655 898
655 899
655 900
655 901
655 902
655 903
655 656
655 659
655 660
655 666
655 667
656 659
656 660
657 1443
658 1816
659 669
659 1403
659 1835
659 660
659 661
659 662
659 663
659 664
659 665
659 666
659 667
659 668
659 670
659 671
660 1403
660 661
660 1399
660 665
660 666
660 667
660 668
661 2164
661 2149
662 818
663 1718
663 1835
663 816
663 1716
663 1461
663 1462
664 1403
664 1397
665 2338
667 668
668 1816
668 1403
669 1042
670 1399
671 1599
672 675
672 673
672 674
673 922
673 2249
673 1473
674 713
674 792
674 690
674 760
675 872
675 1084
676 677
676 678
676 679
676 680
676 681
676 682
676 683
676 684
676 685
676 686
676 687
676 688
676 689
677 1120
677 1122
677 1021
677 1022
677 1023
678 1123
678 1033
678 1032
678 1012
678 695
678 996
678 762
679 1081
680 1251
681 2025
681 1893
682 872
682 1081
683 1824
683 1827
684 1024
684 2073
685 1256
685 1588
685 1636
686 1369
686 1195
687 2114
687 1891
688 2114
688 1891
689 1251
690 704
690 705
690 1123
690 706
690 691
690 692
690 693
690 694
690 695
690 696
690 697
690 698
690 699
690 700
690 701
690 702
690 703
691 775
692 1796
692 1223
692 696
692 794
692 795
692 703
693 760
693 1118
695 995
696 1747
697 1006
697 1561
697 1850
697 699
697 700
698 785
698 795
699 1850
699 1006
700 1850
700 705
701 995
702 1008
702 785
702 2506
702 1005
703 1668
704 1223
705 1196
705 1850
706 1654
707 708
707 709
707 710
707 711
707 712
708 761
708 794
709 818
709 1118
710 791
711 794
711 1716
711 1717
711 2127
712 713
714 1688
714 855
714 1698
714 1691
714 715
714 716
714 717
714 718
714 719
714 720
714 721
714 722
714 723
714 724
714 725
714 726
714 727
714 728
714 729
714 730
714 731
714 732
714 733
714 734
714 735
714 736
714 737
714 738
714 739
714 740
714 741
714 742
714 743
714 744
714 745
714 746
714 747
714 748
714 749
714 750
714 751
714 752
714 753
714 754
714 755
714 756
714 757
714 758
714 759
716 1411
716 1867
717 718
717 719
717 757
717 758
717 759
717 731
717 1981
718 719
718 1619
718 1620
718 760
719 723
719 1236
719 731
719 1981
720 1668
720 812
720 855
720 1529
720 2043
721 1732
721 1726
721 1727
722 1747
722 1748
722 1199
723 1771
724 1664
724 1786
725 736
725 737
725 840
725 1712
725 1713
725 1714
725 851
725 1684
725 1790
725 1049
725 1787
725 1788
725 1789
725 1054
725 1055
726 1243
726 2126
726 1934
726 1935
727 1994
727 1493
728 2050
728 1301
729 2027
729 1754
730 1610
730 1599
731 1981
731 797
732 1736
732 739
732 2149
733 2192
733 745
734 904
734 907
734 906
734 1421
735 1403
735 1684
735 1397
736 1788
737 2579
737 1934
737 1055
738 1444
738 1058
738 2246
739 2409
739 1495
740 1605
740 2066
740 2583
740 2584
740 1599
741 2645
741 2646
743 2046
743 855
744 2081
746 1585
747 2388
749 1665
750 2326
751 2351
752 1725
755 928
755 1606
756 2707
757 1981
758 1981
759 1981
760 768
760 769
760 770
760 771
760 772
760 774
760 776
760 777
760 778
760 779
760 780
760 781
760 782
760 1824
760 1194
760 775
760 1196
760 773
760 1195
760 761
760 762
760 763
760 764
760 765
760 766
760 767
761 792
761 2186
761 766
762 1196
762 770
762 1001
762 778
762 1003
762 1004
762 782
762 1002
762 1194
762 765
763 922
763 771
763 1154
764 769
764 1075
764 2017
764 775
765 1194
765 783
766 1824
766 769
766 1194
767 1194
767 1374
768 1959
768 1513
768 1194
768 1447
768 2001
768 788
768 1980
769 1641
769 783
770 922
771 866
771 1155
772 1620
772 1236
772 2332
773 1194
774 818
776 1196
776 783
777 1642
777 1599
778 1529
778 1194
779 2414
781 783
783 784
783 785
785 2506
786 787
786 1118
786 879
787 1150
787 879
788 1901
789 875
789 1879
789 1386
789 879
790 792
792 793
793 1240
793 1237
794 1127
794 795
794 796
795 1127
795 1196
795 1008
796 1344
796 2004
797 802
797 803
797 804
797 801
797 800
797 798
797 799
798 1705
798 1228
798 2353
799 1619
799 1740
799 1383
800 1120
800 1587
802 1177
803 1570
803 1211
804 936
804 988
804 854
805 1556
805 806
805 2071
806 892
806 891
807 808
807 809
807 810
808 866
808 1027
809 1927
810 866
810 1157
811 812
811 813
811 814
811 815
811 816
811 817
811 818
812 1600
812 1648
812 814
812 1649
812 1650
812 1491
813 840
813 1587
813 818
814 1600
814 1648
815 1292
815 2478
816 1467
818 837
818 832
818 1320
818 1071
818 819
818 820
818 821
818 822
818 823
818 824
818 825
818 826
818 827
818 828
818 829
818 830
818 831
818 833
818 834
818 835
818 836
818 838
818 839
819 1243
820 822
821 1044
821 1053
821 1047
823 1298
823 2190
823 2191
825 1629
826 2272
827 854
827 950
828 840
828 1292
828 1494
829 2409
829 1071
830 2478
831 2682
832 2132
833 1529
833 1654
834 1480
834 1599
835 2365
836 2409
837 928
837 2584
837 927
838 847
839 1071
840 845
840 841
840 842
840 843
840 844
840 846
840 848
840 849
840 850
840 851
840 847
841 1504
841 1603
841 844
842 1270
842 1679
843 1851
843 1996
844 1504
844 846
844 2048
845 1466
845 1467
845 1471
846 1504
846 2048
846 1599
848 1851
849 1053
849 1742
852 853
854 857
854 858
854 855
854 856
854 859
854 860
854 861
854 862
855 944
855 945
855 946
855 947
855 1493
856 947
856 1671
857 992
857 858
858 861
859 966
860 862
862 940
863 864
863 1266
864 1202
864 875
864 1204
864 1207
865 866
865 867
865 868
865 869
865 870
865 871
865 872
866 1218
866 1154
866 1156
866 1158
866 967
866 1161
866 1159
866 1160
866 1027
866 1163
866 1237
866 1162
866 1157
867 868
868 870
869 1024
869 1124
870 2492
871 2073
872 1538
873 1281
873 876
874 1745
874 876
875 1302
875 1202
875 876
875 877
875 878
875 879
875 880
875 881
875 882
875 883
875 884
875 886
875 887
875 1181
875 885
876 1680
876 923
876 877
876 1264
876 883
876 1268
876 1269
876 1270
876 1271
876 1272
876 1273
876 1274
876 1275
876 1276
876 1277
877 1302
877 881
877 1202
877 886
877 1207
877 1080
878 1632
878 2311
878 1303
878 1209
878 925
878 1631
879 1477
879 1386
879 1879
879 1881
879 1882
880 1202
881 1179
881 1205
882 1179
883 1272
883 1681
884 2128
884 1266
884 1862
885 1473
886 1202
887 960
887 1192
887 1792
888 889
889 1116
889 1117
891 896
891 897
891 893
891 892
891 894
891 895
892 893
892 2322
892 895
894 895
895 1213
898 1728
898 1121
898 1729
898 1896
898 2094
898 2096
898 2095
898 2460
898 1469
898 1599
899 900
900 1443
901 2459
902 1817
902 2490
904 905
904 906
904 907
904 908
905 906
905 1420
905 1422
905 1904
906 2227
906 908
908 2227
909 910
909 911
909 1136
909 1138
910 2576
911 2576
911 1782
912 913
912 914
913 2038
913 1053
914 2038
915 916
915 917
915 1214
916 1744
918 920
918 921
918 1802
918 919
919 1306
920 921
920 1251
921 1251
923 1264
924 1536
924 1204
924 1302
926 1488
926 1205
927 928
927 929
927 930
927 931
927 970
927 2583
927 2584
928 930
928 931
928 2653
929 2409
929 2654
930 1608
930 2583
930 2409
931 1608
931 2583
931 2409
932 945
935 945
936 937
936 938
936 939
936 958
937 961
937 1347
937 939
937 941
937 1530
938 1873
938 2146
938 988
938 2145
940 941
940 942
940 943
941 971
941 974
941 976
941 1102
942 1329
944 1242
945 1123
945 1847
945 1156
946 947
947 1324
948 1017
948 1481
948 1281
949 1670
950 955
950 957
950 951
950 952
950 953
950 956
950 954
951 1164
951 1165
951 1167
951 1168
951 1173
951 1176
952 2140
952 2142
953 954
953 989
954 989
955 1025
956 1690
956 1093
956 2223
957 1852
957 2042
957 1220
959 960
959 1671
960 1440
960 1442
960 1439
960 1791
960 1438
962 1672
962 975
964 2382
965 975
967 1667
968 969
969 1657
970 1608
971 1629
971 2051
977 1481
977 982
978 988
980 1657
981 1015
982 1014
982 1015
982 1211
983 1572
983 1573
983 1033
983 2060
983 2143
983 1669
985 1104
985 2265
985 1674
985 2141
987 1483
988 989
990 992
990 993
990 994
990 991
995 1120
995 996
995 1897
995 1531
996 1897
996 1531
997 1000
997 998
997 999
998 1251
999 2240
1000 2002
1001 1795
1002 1795
1003 1795
1004 1795
1005 1008
1005 1006
1005 1007
1006 1850
1007 1960
1007 1373
1009 1010
1011 1012
1011 1013
1013 2234
1014 1015
1015 1016
1015 1017
1015 1018
1016 1481
1016 2356
1018 1445
1018 1446
1019 1192
1019 1020
1019 1302
1020 1468
1021 1824
1021 1826
1021 1828
1021 1829
1021 1022
1021 1023
1022 1826
1022 1829
1022 1023
1023 1829
1024 1025
1024 1026
1024 1027
1024 1028
1024 1030
1024 1031
1024 1029
1025 1191
1027 1927
1027 1161
1027 1163
1028 1959
1028 1308
1028 1310
1029 2241
1031 1205
1032 1969
1032 1079
1032 1080
1032 1081
1032 1082
1032 1083
1033 2179
1033 1572
1034 1035
1034 1036
1034 1038
1035 2164
1035 1038
1036 1379
1036 2164
1036 2149
1036 2350
1038 1039
1038 1040
1038 1041
1039 1781
1040 1780
1042 1043
1043 1400
1043 1835
1043 1397
1044 1046
1044 1047
1044 1048
1044 1049
1044 1050
1044 1051
1044 1052
1044 1045
1045 1792
1045 1050
1045 1742
1046 1792
1046 1798
1046 1742
1046 1052
1046 1053
1047 2491
1047 1742
1047 1695
1048 1050
1048 1742
1049 1053
1050 1467
1050 1742
1051 1608
1052 1776
1052 2171
1052 1798
1053 1056
1053 1934
1053 1695
1053 1054
1053 1055
1054 1334
1054 1915
1054 1789
1054 1055
1055 1334
1055 1789
1056 1403
1056 1684
1056 1742
1057 1058
1057 1059
1057 1060
1057 1061
1057 1062
1057 1063
1057 1320
1058 1059
1058 1062
1058 1063
1058 1064
1058 1065
1058 1066
1058 1067
1058 1068
1058 1069
1058 1070
1058 1320
1059 1060
1059 1063
1059 1320
1059 1066
1059 1069
1059 1070
1060 2092
1060 2093
1061 1064
1062 2093
1062 1071
1063 1320
1063 1066
1064 1068
1064 1070
1065 1320
1065 1067
1065 1066
1066 1320
1068 2313
1069 1719
1070 2313
1071 2629
1071 1074
1071 1072
1071 1073
1071 1430
1075 1089
1075 2079
1076 1539
1076 1078
1077 1084
1078 2054
1079 1080
1079 1083
1080 1862
1080 1205
1080 1082
1080 1083
1081 1538
1082 1205
1084 1085
1084 1561
1084 1305
1084 1086
1087 1088
1087 1561
1088 2451
1090 1560
1090 1195
1091 1092
1093 1096
1093 1094
1093 1095
1094 1715
1094 1378
1094 1371
1094 1375
1095 1956
1096 2672
1096 1493
1097 1099
1097 1098
1098 1100
1099 2689
1099 2692
1099 1101
1101 2692
1101 2691
1101 2693
1102 1324
1103 1674
1103 1676
1103 1104
1103 1105
1103 2265
1103 2141
1104 2004
1104 1670
1105 2265
1105 1674
1105 2141
1106 2097
1106 1107
1106 1108
1106 1109
1106 1110
1106 1111
1106 1112
1107 1109
1107 1110
1107 1112
1107 1113
1107 1114
1107 1115
1108 2097
1108 1110
1108 1111
1109 2327
1109 2329
1109 2074
1109 2076
1110 2097
1110 1111
1112 1113
1116 1117
1116 2449
1118 1587
1118 1119
1119 1560
1119 1654
1120 1123
1120 1125
1120 1121
1120 1122
1120 1124
1120 1126
1120 1127
1120 1128
1120 1129
1120 1130
1120 1131
1120 1132
1120 1133
1120 1134
1120 1135
1121 1124
1122 1513
1122 2073
1123 1124
1123 1219
1123 1222
1123 1218
1123 1565
1123 1561
1123 1559
1123 1560
1123 1562
1123 1563
1123 1564
1123 1533
1124 1252
1124 1591
1124 1654
1124 1134
1124 1587
1124 1588
1124 1590
1124 1305
1124 1466
1124 1589
1125 1128
1125 1132
1126 1995
1127 1258
1128 1132
1128 1135
1130 2242
1130 1894
1131 1897
1131 1531
1133 1795
1136 1137
1136 1138
1136 2039
1136 2238
1137 1698
1139 1140
1139 1141
1139 1142
1139 1143
1140 1144
1140 1322
1142 2664
1142 1143
1143 1144
1143 1145
1143 1146
1143 1147
1144 1322
1144 1323
1145 1248
1146 1245
1146 2398
1147 2398
1148 1149
1148 1150
1149 1417
1149 1298
1149 1307
1150 1704
1150 1151
1152 1153
1152 1154
1152 2289
1153 1344
1153 1561
1154 1155
1156 1157
1156 1161
1156 1162
1156 1645
1156 1646
1157 1571
1157 1927
1157 1645
1158 1159
1160 2119
1161 2127
1162 1891
1164 1168
1164 1173
1165 1173
1167 1963
1168 1171
1168 1169
1168 1170
1168 1172
1169 1905
1169 1906
1169 1885
1170 1905
1170 1885
1173 1175
1173 1174
1174 2147
1174 1907
1174 1908
1174 2318
1175 1806
1176 1963
1177 1178
1179 1180
1179 1181
1179 1205
1180 1181
1181 1202
1181 1205
1182 1184
1182 1183
1185 1186
1185 1187
1185 1719
1186 1849
1186 1721
1186 1725
1186 1719
1187 2582
1187 1719
1188 1750
1188 1751
1188 1189
1188 1190
1189 1190
1189 1418
1189 2091
1189 1749
1189 1750
1189 1751
1189 1752
1190 2089
1190 2091
1190 1751
1191 1762
1191 1756
1191 2430
1192 1193
1194 1205
1194 1195
1194 1196
1194 1197
1194 1198
1194 1200
1194 1202
1194 1199
1195 1377
1195 1196
1195 1373
1197 1464
1197 1715
1202 1206
1202 1203
1202 1204
1202 1205
1202 1207
1202 1208
1202 1209
1202 1210
1203 1208
1203 1267
1203 1205
1203 1286
1204 1287
1204 1260
1204 1261
1204 1262
1204 1302
1205 1272
1205 1386
1205 1384
1205 1385
1205 1387
1205 1388
1205 1389
1205 1302
1206 1209
1206 1210
1206 1286
1207 1280
1207 1282
1207 1281
1207 1711
1207 1302
1207 1746
1207 2031
1208 1302
1209 1303
1209 1979
1210 1979
1210 1286
1210 2005
1211 1216
1211 1217
1211 1237
1211 1212
1211 1213
1211 1214
1211 1215
1212 1217
1215 1216
1218 1220
1218 1221
1218 1222
1218 1219
1218 1559
1219 1222
1219 1559
1220 1852
1220 1853
1221 1957
1221 1518
1221 1958
1222 1559
1223 1224
1223 1225
1223 1226
1223 1227
1223 1228
1223 1229
1223 1230
1223 1231
1223 1232
1224 1232
1224 1225
1224 1226
1224 1229
1225 1226
1225 1227
1225 1229
1226 1709
1226 1611
1226 1712
1226 1707
1226 1706
1226 1227
1226 1228
1226 1229
1226 1710
1226 1231
1226 1232
1226 1708
1226 1714
1226 1705
1226 1713
1226 1711
1227 1232
1227 1229
1228 1731
1228 1705
1228 1709
1228 2353
1231 1264
1231 1280
1231 1289
1233 1668
1236 1981
1237 1241
1237 1239
1237 1238
1237 1240
1238 1600
1238 1488
1238 1458
1239 1509
1239 1512
1239 1513
1239 1514
1239 1515
1239 1516
1239 1517
1239 1518
1239 1519
1239 1520
1239 1521
1239 1522
1239 1523
1239 1524
1239 1525
1239 1526
1239 1527
1239 1528
1243 1833
1243 1738
1243 1494
1243 1787
1244 1248
1244 1245
1244 1246
1244 1247
1245 2398
1246 2347
1246 2349
1246 1247
1247 2347
1247 2349
1248 2347
1248 2349
1248 2348
1249 1250
1250 1256
1250 1258
1250 1257
1251 1254
1251 1252
1251 1253
1253 2255
1256 1870
1256 1869
1258 1747
1259 1304
1259 1260
1261 1262
1261 1263
1261 1302
1261 1303
1261 1304
1262 1288
1262 1267
1262 1303
1262 1304
1263 1288
1263 1634
1263 1279
1264 1280
1264 1289
1264 1265
1265 1280
1265 1290
1265 1289
1266 1267
1267 1288
1268 1679
1269 1274
1270 1684
1270 1467
1270 1679
1271 1680
1271 1681
1272 1288
1275 1634
1275 2115
1275 1350
1277 1380
1278 1279
1279 1633
1279 1862
1279 1861
1280 1281
1280 1282
1280 1283
1280 1284
1280 1285
1280 1302
1281 1282
1281 1711
1282 1283
1282 1302
1283 1302
1284 1302
1286 2005
1287 1304
1287 1303
1288 1304
1288 1303
1289 1290
1290 2152
1290 1677
1291 2166
1292 1296
1292 1295
1294 1494
1295 1494
1296 1494
1297 1298
1297 1299
1297 1300
1298 1301
1298 1302
1299 1412
1299 1407
1300 1417
1300 1413
1300 1407
1301 1419
1302 1305
1302 1304
1302 1306
1302 1303
1303 1536
1303 1537
1303 1304
1304 1537
1305 1589
1305 1591
1306 2273
1306 1677
1307 1495
1308 1312
1308 1317
1308 1319
1308 1959
1308 1311
1309 1313
1309 1483
1309 1660
1309 1962
1310 1312
1310 1959
1311 1959
1312 1313
1312 1314
1312 1959
1315 2259
1315 2260
1317 1959
1319 1959
1320 1321
1321 2130
1321 2131
1321 2132
1322 1323
1325 1326
1325 1327
1326 1328
1326 1329
1326 1327
1327 1329
1328 1504
1328 1329
1328 1332
1328 1333
1328 1599
1329 1330
1329 1331
1329 1332
1330 2077
1330 2078
1331 1730
1332 2224
1332 1675
1332 2039
1335 1336
1335 1337
1335 1338
1335 2098
1336 2098
1336 1338
1336 1339
1336 1340
1336 1341
1337 2098
1337 1342
1338 1343
1339 1340
1339 1342
1340 2193
1340 1342
1341 2193
1341 1342
1342 1343
1344 1345
1347 1348
1348 2129
1349 1350
1351 1352
1351 1353
1351 1354
1351 1355
1352 2147
1352 1353
1352 1355
1353 1355
1355 2101
1355 2174
1356 1357
1356 1999
1357 1358
1358 1359
1359 2610
1359 1435
1359 1423
1360 1361
1360 1362
1360 1363
1360 1364
1360 1365
1360 1366
1361 1362
1361 1363
1361 1364
1361 1365
1361 1366
1361 1367
1361 1368
1362 1368
1362 1364
1362 1365
1363 1368
1363 1366
1363 1367
1364 1368
1365 1368
1366 1368
1367 1368
1369 1370
1369 1371
1371 1378
1371 1372
1372 1376
1372 1377
1372 1373
1372 1374
1372 1375
1373 1377
1373 1960
1373 1961
1373 1936
1375 1824
1375 1826
1375 1832
1375 2079
1376 1824
1376 1826
1376 2079
1376 1623
1378 1928
1379 1380
1379 1917
1379 1916
1381 1592
1381 1738
1381 1382
1381 1383
1382 1608
1382 1621
1382 1622
1383 2345
1384 1390
1385 1854
1385 1582
1386 2122
1386 2123
1386 2124
1386 1879
1386 1882
1386 2014
1387 2134
1388 1584
1389 1979
1389 2014
1392 1395
1392 1396
1393 2179
1394 2310
1395 2310
1397 1398
1398 1403
1398 1399
1399 1400
1399 1401
1399 1402
1400 2512
1400 1403
1400 1835
1401 2343
1401 2055
1401 2056
1401 1835
1401 1839
1401 2512
1402 1835
1402 2669
1402 2670
1402 1839
1402 2512
1402 1843
1402 1404
1403 1404
1403 1405
1403 1406
1404 2011
1404 1835
1404 1838
1404 1843
1404 1405
1405 1840
1405 2059
1407 1408
1407 1410
1407 1409
1409 1688
1409 1690
1410 2214
1411 1419
1412 1417
1412 1875
1413 1416
1413 1414
1413 1415
1414 1416
1414 2660
1414 1420
1415 1419
1417 1418
1418 1608
1418 1562
1418 1419
1419 1420
1419 1421
1419 1422
1420 2149
1420 2319
1420 2226
1420 2163
1421 2201
1422 2226
1422 2319
1423 2597
1423 1424
1423 1425
1423 1426
1423 1427
1423 1428
1423 1429
1423 1430
1423 1431
1423 1432
1423 1433
1423 1434
1423 2587
1424 1819
1424 1435
1425 2609
1426 2212
1426 2597
1426 2598
1426 2614
1426 2605
1426 2611
1426 2162
1426 1427
1426 2612
1426 2613
1426 1430
1426 2615
1426 1432
1426 2596
1426 1434
1427 2597
1427 2162
1427 1432
1427 2591
1428 2592
1428 2591
1429 1815
1430 2596
1430 2162
1430 2591
1431 2591
1432 2591
1432 2596
1433 2625
1434 2596
1434 2597
1435 1436
1435 1437
1436 2047
1437 2047
1438 1440
1438 1441
1438 1439
1439 1440
1441 2203
1442 1792
1442 1798
1442 1791
1447 1448
1449 1450
1453 1454
1454 2117
1454 1455
1455 1456
1455 1457
1456 1904
1456 2327
1458 1889
1459 1460
1459 1461
1459 1462
1460 1684
1460 1686
1460 1687
1461 1462
1463 1464
1464 1684
1465 1466
1465 1467
1466 1776
1466 1467
1467 1472
1467 1469
1467 1468
1467 1470
1467 1471
1468 2496
1468 2025
1468 2026
1468 1684
1468 2171
1469 2096
1470 2160
1470 1684
1472 2256
1472 1475
1473 1474
1475 1476
1475 1477
1476 1480
1476 1478
1478 1479
1481 1482
1482 1483
1483 1484
1485 2548
1485 1989
1485 1551
1487 2044
1488 1489
1488 1490
1488 1491
1488 1492
1489 1745
1489 1490
1489 1653
1491 1600
1491 1648
1493 2704
1493 2706
1493 1494
1493 1496
1493 1497
1493 1498
1493 1499
1493 1500
1493 1501
1493 1502
1493 1503
1493 1495
1494 2160
1494 1833
1494 2030
1495 2202
1495 1498
1495 1499
1495 1503
1496 1733
1496 1992
1496 1769
1497 2366
1498 1503
1499 1503
1500 2704
1500 2705
1500 2706
1501 2671
1504 1505
1504 1599
1505 1606
1505 1582
1505 1617
1505 1618
1505 1599
1506 1507
1506 1508
1506 1509
1506 1510
1507 1508
1507 2188
1507 1519
1507 1525
1508 1511
1508 1525
1509 1510
1509 1775
1509 1519
1509 1823
1510 1511
1511 2188
1511 1775
1511 1823
1515 1516
1518 1957
1518 2178
1518 2036
1529 1795
1530 2042
1531 1534
1531 1532
1531 1533
1531 1535
1532 1715
1533 1891
1533 1892
1533 1563
1533 1564
1535 1891
1535 1892
1535 2461
1536 1634
1537 2482
1540 1544
1540 1545
1540 1541
1540 1542
1540 1543
1541 1542
1541 1543
1541 1544
1542 1544
1542 1715
1543 1715
1543 1835
1544 2361
1544 1715
1547 1553
1547 1548
1547 1549
1547 1551
1547 1552
1547 1554
1547 1555
1547 1550
1548 1552
1548 1553
1548 1554
1548 1555
1549 2259
1549 1812
1549 2261
1549 2260
1550 1953
1550 1948
1551 2015
1554 1663
1556 1558
1556 1557
1557 1558
1557 2071
1558 2071
1560 1793
1560 1794
1560 1587
1560 1561
1562 2135
1563 1891
1563 1564
1563 1892
1564 1891
1565 1850
1566 2326
1567 1568
1568 1569
1568 1570
1568 1571
1571 1927
1571 1645
1572 1573
1573 2143
1574 1576
1574 2236
1574 2237
1574 1575
1575 1577
1575 1578
1575 1579
1575 1580
1575 1581
1575 2121
1575 2009
1576 1579
1577 2009
1577 1579
1577 2006
1578 2009
1578 2010
1578 2012
1578 2118
1579 1580
1579 2006
1579 2009
1580 2009
1580 2010
1580 2235
1580 2013
1581 2235
1582 1600
1582 1602
1582 1583
1582 1584
1582 2415
1582 1599
1583 1602
1583 1599
1585 1867
1586 1802
1588 2108
1590 1841
1592 1593
1592 1594
1593 2467
1595 1596
1595 1597
1599 1602
1599 1600
1599 1601
1599 1603
1599 1604
1599 1605
1599 1606
1599 1607
1599 1608
1599 1609
1599 1610
1599 1611
1599 1612
1599 1613
1600 1651
1600 1653
1600 1649
1600 1650
1601 2429
1602 1613
1605 2221
1606 1618
1607 1795
1607 1868
1608 1691
1608 1845
1608 2363
1609 2653
1612 1624
1612 2064
1614 1615
1614 1616
1614 1617
1614 1618
1615 1616
1616 2254
1616 1617
1619 2435
1620 2332
1621 2266
1621 2267
1621 1741
1622 2137
1623 2186
1623 1625
1623 1624
1623 1626
1623 1627
1624 2066
1624 2467
1626 1654
1627 1921
1628 1629
1629 1897
1630 1921
1631 2311
1632 2311
1633 2128
1633 1862
1641 1642
1641 1643
1641 1644
1642 1647
1643 1824
1643 1832
1648 1651
1648 1649
1648 1650
1648 1652
1660 1962
1661 2524
1662 1937
1662 1663
1663 2167
1663 1938
1663 1939
1663 1940
1663 1943
1663 2168
1665 1666
1669 2356
1672 1673
1674 1675
1674 1676
1674 1677
1675 1689
1675 1695
1680 1681
1682 2536
1682 2535
1684 1685
1685 1777
1685 1778
1685 1915
1685 2170
1688 1689
1688 1690
1688 1691
1688 1692
1688 1693
1688 1694
1690 1692
1691 2258
1691 2040
1693 2258
1695 1934
1696 1697
1699 1972
1701 1702
1703 1704
1704 2041
1704 1891
1705 1731
1705 1709
1705 2351
1705 2354
1710 2525
1715 1716
1716 2127
1716 1717
1716 1718
1717 1718
1719 2582
1719 1720
1719 1721
1719 1722
1719 1723
1719 1724
1719 1725
1720 1721
1720 1723
1721 2582
1721 1849
1721 1725
1722 1849
1722 2582
1723 2582
1726 1727
1728 1729
1728 1730
1729 1816
1729 1730
1730 2460
1730 2094
1731 2354
1731 2357
1731 2351
1732 1733
1732 1735
1732 1736
1732 1737
1732 1734
1733 1856
1733 1769
1733 1770
1733 1886
1733 1887
1734 2360
1735 2131
1735 2133
1738 1739
1738 1740
1738 1741
1740 2317
1742 1743
1745 1746
1746 2031
1748 1893
1749 1752
1749 1751
1750 1752
1750 1751
1751 2091
1751 1752
1752 1753
1754 1976
1755 2325
1756 1760
1756 1761
1756 1762
1756 1763
1756 1764
1756 1765
1756 1766
1756 1768
1756 1767
1756 2063
1756 1757
1756 1758
1756 1759
1757 1760
1757 1768
1757 2378
1757 1758
1757 1759
1758 1760
1758 1768
1758 2063
1758 1883
1758 1759
1759 1883
1759 2063
1760 1768
1761 1764
1761 1765
1762 2063
1763 1883
1763 2063
1766 1883
1767 1883
1767 2063
1768 2378
1770 2318
1770 1989
1771 1772
1771 1773
1773 2417
1775 2386
1776 1777
1776 1778
1776 1779
1777 1778
1777 2169
1777 2170
1777 2171
1777 2165
1778 2170
1778 2173
1779 2504
1780 1781
1780 1982
1781 1982
1782 2432
1782 2433
1783 1989
1784 1785
1786 2230
1787 1833
1790 1805
1791 1792
1792 2085
1792 1798
1792 1800
1792 1801
1792 2086
1796 2172
1796 2086
1797 2338
1797 1798
1797 1799
1797 1800
1797 1801
1799 2338
1799 2342
1799 2086
1799 1915
1799 2173
1800 1801
1803 1891
1803 1804
1803 1894
1806 1813
1806 1886
1807 1937
1808 1809
1808 1963
1809 1963
1810 2498
1810 1963
1811 1963
1813 1876
1813 2374
1814 1963
1815 1816
1815 1817
1815 1818
1815 1819
1815 1820
1816 2245
1816 2246
1816 1820
1817 2275
1817 2276
1817 2277
1817 2278
1817 2279
1817 2280
1817 2281
1817 2282
1818 2591
1820 2281
1820 2627
1821 1822
1823 2139
1824 1825
1824 1828
1824 1829
1824 1830
1824 1831
1824 1832
1824 1826
1824 1827
1826 1832
1827 1828
1832 2079
1833 1834
1834 2106
1835 1924
1835 1836
1835 1837
1835 1838
1835 1839
1835 1840
1835 1841
1835 1842
1835 1844
1835 1843
1836 1924
1836 1837
1836 1926
1837 1924
1837 1926
1838 2055
1838 2007
1839 2341
1839 2055
1839 2057
1840 2057
1840 1843
1840 1844
1840 2011
1842 2512
1843 1924
1845 1846
1846 1847
1852 2042
1855 1873
1856 2257
1857 2334
1857 2335
1858 1860
1858 1859
1861 1862
1863 1864
1865 1866
1867 1868
1868 2678
1869 1870
1871 1872
1873 2390
1874 1875
1874 1876
1876 2374
1877 1878
1879 1880
1881 1890
1883 1884
1886 1983
1887 2477
1891 1892
1891 1893
1891 1894
1894 2114
1895 1896
1897 1898
1899 1900
1899 1901
1901 2002
1902 1903
1907 1910
1907 1908
1907 1909
1908 1910
1909 1910
1910 2147
1911 1912
1913 1914
1915 2340
1915 2173
1916 1917
1916 1918
1917 2201
1918 2320
1919 1920
1922 1923
1924 1925
1925 2055
1929 1930
1929 1931
1929 1932
1930 1931
1931 1932
1932 1933
1932 2062
1933 2062
1934 2442
1935 2361
1935 2362
1938 2441
1938 1939
1938 2187
1939 2167
1939 1940
1939 1942
1939 1943
1939 2168
1939 2533
1940 2187
1940 2534
1941 2390
1942 2187
1942 2534
1943 2187
1945 1952
1945 1980
1946 2016
1946 2252
1946 2136
1947 2015
1948 2015
1949 2016
1949 2136
1950 2016
1950 2545
1950 2546
1950 2549
1950 2550
1950 2136
1951 2527
1952 1953
1952 1954
1952 1955
1953 2136
1953 2137
1954 2545
1955 2137
1955 2146
1958 2036
1963 1964
1964 2632
1965 2381
1966 1968
1966 2407
1966 2405
1966 1967
1967 2404
1967 2405
1967 2407
1968 2405
1968 2407
1970 1971
1970 1972
1971 1973
1974 1975
1976 1977
1976 1978
1977 1978
1985 1987
1985 1986
1985 2523
1986 1987
1988 1989
1988 1990
1988 1991
1988 1992
1988 1993
1989 1990
1989 2357
1993 2642
1997 1998
1999 2000
2001 2054
2002 2003
2006 2008
2006 2009
2006 2007
2007 2008
2007 2055
2009 2121
2009 2010
2009 2011
2009 2012
2009 2013
2010 2013
2010 2012
2011 2341
2011 2055
2015 2495
2017 2018
2019 2024
2019 2020
2019 2021
2019 2022
2019 2023
2020 2021
2021 2022
2022 2225
2023 2525
2023 2031
2024 2083
2027 2029
2028 2153
2030 2106
2031 2315
2031 2316
2031 2525
2032 2033
2032 2034
2032 2035
2033 2520
2033 2522
2033 2035
2033 2518
2034 2522
2036 2472
2039 2040
2039 2428
2040 2301
2040 2397
2044 2528
2044 2253
2044 2101
2044 2045
2049 2671
2052 2053
2055 2056
2055 2057
2055 2058
2055 2059
2056 2058
2056 2343
2056 2669
2057 2058
2057 2341
2060 2061
2064 2065
2064 2066
2067 2068
2067 2070
2068 2069
2068 2070
2069 2070
2071 2072
2072 2150
2074 2075
2074 2076
2075 2155
2076 2327
2079 2080
2079 2299
2081 2082
2083 2084
2085 2125
2085 2086
2085 2165
2086 2125
2087 2088
2099 2234
2099 2101
2101 2102
2101 2103
2101 2104
2101 2105
2102 2104
2105 2557
2106 2107
2107 2403
2111 2112
2112 2369
2112 2365
2112 2366
2114 2422
2119 2120
2119 2175
2125 2338
2130 2132
2131 2434
2131 2133
2137 2138
2138 2187
2138 2156
2138 2497
2143 2144
2148 2393
2149 2164
2156 2187
2156 2157
2158 2314
2158 2159
2159 2649
2160 2161
2161 2162
2161 2211
2161 2210
2161 2213
2162 2211
2162 2212
2162 2597
2163 2320
2163 2426
2163 2427
2165 2169
2168 2556
2169 2171
2171 2172
2173 2509
2176 2177
2177 2469
2180 2181
2182 2183
2184 2185
2188 2189
2193 2194
2196 2416
2196 2197
2196 2678
2196 2511
2197 2198
2198 2308
2199 2200
2201 2250
2201 2226
2201 2251
2203 2204
2203 2205
2203 2206
2204 2342
2207 2208
2207 2209
2208 2209
2210 2213
2211 2212
2212 2612
2212 2490
2214 2216
2214 2483
2214 2215
2217 2218
2217 2244
2221 2222
2228 2229
2231 2232
2231 2233
2232 2233
2233 2234
2238 2239
2239 2416
2242 2243
2245 2522
2246 2616
2252 2499
2252 2500
2253 2528
2257 2642
2258 2385
2258 2294
2262 2264
2262 2263
2263 2264
2267 2409
2268 2424
2268 2269
2270 2271
2271 2437
2274 2324
2275 2280
2276 2515
2276 2516
2276 2518
2276 2278
2277 2282
2278 2515
2278 2517
2278 2279
2279 2517
2281 2627
2281 2590
2283 2284
2283 2285
2283 2286
2284 2285
2284 2286
2289 2290
2293 2294
2294 2385
2295 2296
2295 2297
2295 2298
2296 2297
2296 2298
2297 2298
2299 2300
2302 2304
2302 2305
2302 2303
2303 2675
2303 2305
2303 2306
2303 2307
2315 2525
2319 2320
2319 2321
2321 2682
2321 2683
2321 2684
2323 2436
2327 2328
2330 2331
2334 2335
2336 2337
2338 2339
2339 2450
2345 2346
2347 2348
2347 2349
2348 2349
2349 2458
2351 2352
2351 2353
2351 2354
2351 2355
2360 2617
2360 2618
2363 2616
2364 2429
2365 2368
2365 2370
2365 2369
2365 2698
2365 2371
2365 2366
2365 2367
2373 2530
2375 2376
2376 2377
2379 2380
2380 2381
2383 2384
2388 2389
2391 2392
2393 2396
2393 2394
2393 2395
2394 2396
2395 2432
2395 2703
2397 2428
2399 2400
2401 2402
2401 2403
2404 2407
2404 2405
2404 2406
2405 2406
2405 2407
2406 2564
2422 2423
2426 2427
2430 2431
2440 2441
2441 2537
2441 2538
2442 2663
2443 2444
2445 2446
2447 2448
2452 2453
2462 2464
2462 2677
2462 2463
2463 2677
2465 2466
2469 2484
2470 2471
2473 2474
2475 2476
2479 2673
2480 2481
2485 2486
2487 2488
2487 2489
2488 2652
2493 2494
2497 2498
2500 2634
2502 2632
2502 2633
2508 2509
2508 2510
2513 2514
2518 2520
2518 2519
2520 2521
2525 2526
2533 2556
2535 2543
2535 2542
2536 2543
2536 2542
2537 2538
2540 2541
2545 2546
2546 2551
2549 2550
2552 2553
2554 2555
2557 2558
2557 2559
2560 2561
2562 2563
2565 2566
2567 2568
2569 2570
2571 2572
2571 2573
2571 2574
2571 2575
2572 2573
2572 2574
2573 2575
2577 2578
2580 2581
2583 2584
2583 2653
2584 2653
2585 2586
2587 2588
2587 2589
2589 2592
2589 2611
2591 2592
2593 2594
2593 2595
2593 2596
2594 2611
2594 2623
2596 2597
2596 2598
2596 2599
2596 2600
2596 2601
2596 2602
2596 2603
2596 2604
2596 2605
2597 2615
2598 2612
2599 2601
2599 2602
2599 2604
2600 2604
2600 2623
2601 2602
2604 2612
2606 2608
2606 2607
2607 2608
2611 2624
2611 2623
2612 2614
2612 2615
2612 2622
2613 2622
2619 2620
2620 2625
2620 2626
2620 2628
2620 2621
2623 2624
2630 2631
2632 2633
2635 2636
2635 2637
2635 2638
2636 2637
2636 2638
2636 2639
2638 2639
2640 2641
2643 2644
2645 2646
2647 2648
2650 2651
2654 2655
2656 2657
2656 2658
2657 2658
2661 2662
2665 2666
2667 2668
2675 2676
2678 2679
2680 2681
2682 2683
2682 2684
2682 2685
2682 2686
2683 2684
2684 2685
2687 2688
2689 2690
2689 2691
2691 2692
2694 2695
2696 2697
2699 2700
2701 2702
2704 2705
2704 2706
2705 2706
2705 2707
