0
1
3
4
6
14
15
16
22
23
33
34
39
55
68
78
88
170
182
183
213
214
215
244
245
247
266
342
346
352
360
377
388
446
474
499
505
506
522
528
551
568
579
599
619
620
629
655
659
660
676
690
714
725
760
762
797
818
840
854
855
866
875
876
877
879
891
898
936
937
941
950
951
960
1024
1044
1053
1058
1071
1084
1120
1123
1124
1194
1202
1205
1207
1211
1223
1226
1237
1239
1251
1280
1302
1303
1304
1351
1382
1386
1403
1423
1426
1467
1493
1494
1495
1547
1560
1582
1599
1600
1608
1648
1663
1684
1719
1732
1733
1756
1792
1817
1824
1835
1891
1939
1959
1963
2009
2055
2101
2365
2393
2409
2596
