0
168
175
178
188
191
194
195
207
210
211
219
222
233
236
241
242
254
262
276
283
284
289
291
292
295
298
299
300
301
302
304
306
307
308
327
328
329
381
384
385
389
390
395
396
400
401
402
405
407
408
409
410
411
412
413
414
415
416
417
420
422
423
424
427
428
429
430
431
432
433
435
436
437
438
440
441
442
444
445
447
449
453
455
462
464
465
466
475
482
495
496
715
742
748
824
1166
1316
1318
1391
1452
1502
1639
1673
1683
1859
1860
1888
1944
2090
2103
2109
2110
2113
2116
2312
2333
2344
2359
2372
2387
2408
2412
2413
2415
2438
2468
2501
2503
2524
2529
2531
2539
2544
2547
2674
