73
75
77
78
79
80
84
85
89
91
92
93
95
96
97
103
112
135
137
143
144
145
148
165
181
182
184
187
188
191
192
193
197
203
208
245
308
312
322
405
411
440
448
450
468
470
474
477
478
498
637
638
640
651
666
862
863
890
892
893
895
896
897
903
909
913
925
934
939
1081
1083
1087
1089
1090
1231
1233
1247
1271
1281
1282
1285
1289
1292
1492
1499
1502
1508
1515
1516
1523
1525
1731
1735
1736
1738
1739
1741
1743
1748
1754
1755
1757
1758
1772
1775
1776
1780
1782
1799
1805
1810
1811
1814
1833
1850
1852
1856
1867
2045
2058
5564
7167
